1.00000000E+0	0.00000000E+0	7.77950009E+2	7.85996751E+2	-4.97311091E-10	0.00000000E+0	0.00000000E+0	0.00000000E+0	0.00000000E+0	0.00000000E+0
2.00000000E+0	1.00000000E-8	7.77950010E+2	7.85996750E+2	-4.97227706E-10	0.00000000E+0	0.00000000E+0	0.00000000E+0	0.00000000E+0	0.00000000E+0
3.00000000E+0	2.00000000E-8	7.77950008E+2	7.85996750E+2	-5.14973433E-10	0.00000000E+0	0.00000000E+0	0.00000000E+0	0.00000000E+0	0.00000000E+0
4.00000000E+0	3.00000000E-8	7.77950008E+2	7.85996751E+2	-5.28571310E-10	0.00000000E+0	0.00000000E+0	0.00000000E+0	0.00000000E+0	0.00000000E+0
5.00000000E+0	4.00000000E-8	7.77950007E+2	7.85996751E+2	-5.28238452E-10	0.00000000E+0	0.00000000E+0	0.00000000E+0	0.00000000E+0	0.00000000E+0
6.00000000E+0	5.00000000E-8	7.77950008E+2	7.85996750E+2	-5.28162915E-10	0.00000000E+0	0.00000000E+0	0.00000000E+0	0.00000000E+0	0.00000000E+0
7.00000000E+0	6.00000000E-8	7.77950008E+2	7.85996749E+2	-5.33641418E-10	0.00000000E+0	0.00000000E+0	0.00000000E+0	0.00000000E+0	0.00000000E+0
8.00000000E+0	7.00000000E-8	7.77950008E+2	7.85996749E+2	-5.34487725E-10	0.00000000E+0	0.00000000E+0	0.00000000E+0	0.00000000E+0	0.00000000E+0
9.00000000E+0	8.00000000E-8	7.77950009E+2	7.85996751E+2	-5.23526990E-10	0.00000000E+0	0.00000000E+0	0.00000000E+0	0.00000000E+0	0.00000000E+0
1.00000000E+1	9.00000000E-8	7.77950009E+2	7.85996750E+2	-5.16582933E-10	0.00000000E+0	0.00000000E+0	0.00000000E+0	0.00000000E+0	0.00000000E+0
1.10000000E+1	1.00000000E-7	7.77950009E+2	7.85996750E+2	-5.02988775E-10	0.00000000E+0	0.00000000E+0	0.00000000E+0	0.00000000E+0	0.00000000E+0
1.20000000E+1	1.10000000E-7	7.77950009E+2	7.85996751E+2	-4.78729962E-10	0.00000000E+0	0.00000000E+0	0.00000000E+0	0.00000000E+0	0.00000000E+0
1.30000000E+1	1.20000000E-7	7.77950009E+2	7.85996750E+2	-4.73319015E-10	0.00000000E+0	0.00000000E+0	0.00000000E+0	0.00000000E+0	0.00000000E+0
1.40000000E+1	1.30000000E-7	7.77950010E+2	7.85996750E+2	-4.59035724E-10	0.00000000E+0	0.00000000E+0	0.00000000E+0	0.00000000E+0	0.00000000E+0
1.50000000E+1	1.40000000E-7	7.77950007E+2	7.85996750E+2	-4.38346398E-10	0.00000000E+0	0.00000000E+0	0.00000000E+0	0.00000000E+0	0.00000000E+0
1.60000000E+1	1.50000000E-7	7.77950006E+2	7.85996749E+2	-4.16343132E-10	0.00000000E+0	0.00000000E+0	0.00000000E+0	0.00000000E+0	0.00000000E+0
1.70000000E+1	1.60000000E-7	7.77950009E+2	7.85996748E+2	-4.05883102E-10	0.00000000E+0	0.00000000E+0	0.00000000E+0	0.00000000E+0	0.00000000E+0
1.80000000E+1	1.70000000E-7	7.77950009E+2	7.85996749E+2	-3.94181771E-10	0.00000000E+0	0.00000000E+0	0.00000000E+0	0.00000000E+0	0.00000000E+0
1.90000000E+1	1.80000000E-7	7.77950008E+2	7.85996750E+2	-3.83955227E-10	0.00000000E+0	0.00000000E+0	0.00000000E+0	0.00000000E+0	0.00000000E+0
2.00000000E+1	1.90000000E-7	7.77950007E+2	7.85996750E+2	-3.64536017E-10	0.00000000E+0	0.00000000E+0	0.00000000E+0	0.00000000E+0	0.00000000E+0
2.10000000E+1	2.00000000E-7	7.77950007E+2	7.85996750E+2	-3.56400177E-10	0.00000000E+0	0.00000000E+0	0.00000000E+0	0.00000000E+0	0.00000000E+0
2.20000000E+1	2.10000000E-7	7.77950008E+2	7.85996751E+2	-3.56436653E-10	0.00000000E+0	0.00000000E+0	0.00000000E+0	0.00000000E+0	0.00000000E+0
2.30000000E+1	2.20000000E-7	7.77950008E+2	7.85996749E+2	-3.51145449E-10	0.00000000E+0	0.00000000E+0	0.00000000E+0	0.00000000E+0	0.00000000E+0
2.40000000E+1	2.30000000E-7	7.77950008E+2	7.85996750E+2	-3.60179937E-10	0.00000000E+0	0.00000000E+0	0.00000000E+0	0.00000000E+0	0.00000000E+0
2.50000000E+1	2.40000000E-7	7.77950008E+2	7.85996750E+2	-3.63598681E-10	0.00000000E+0	0.00000000E+0	0.00000000E+0	0.00000000E+0	0.00000000E+0
2.60000000E+1	2.50000000E-7	7.77950008E+2	7.85996750E+2	-3.73624326E-10	0.00000000E+0	0.00000000E+0	0.00000000E+0	0.00000000E+0	0.00000000E+0
2.70000000E+1	2.60000000E-7	7.77950008E+2	7.85996751E+2	-3.71505823E-10	0.00000000E+0	0.00000000E+0	0.00000000E+0	0.00000000E+0	0.00000000E+0
2.80000000E+1	2.70000000E-7	7.77950011E+2	7.85996753E+2	-4.02509753E-10	0.00000000E+0	0.00000000E+0	0.00000000E+0	0.00000000E+0	0.00000000E+0
2.90000000E+1	2.80000000E-7	7.77950010E+2	7.85996752E+2	-4.08781404E-10	0.00000000E+0	0.00000000E+0	0.00000000E+0	0.00000000E+0	0.00000000E+0
3.00000000E+1	2.90000000E-7	7.77950006E+2	7.85996749E+2	-4.33083029E-10	0.00000000E+0	0.00000000E+0	0.00000000E+0	0.00000000E+0	0.00000000E+0
3.10000000E+1	3.00000000E-7	7.77950008E+2	7.85996750E+2	-4.45352947E-10	0.00000000E+0	0.00000000E+0	0.00000000E+0	0.00000000E+0	0.00000000E+0
3.20000000E+1	3.10000000E-7	7.77950008E+2	7.85996750E+2	-4.65632802E-10	0.00000000E+0	0.00000000E+0	0.00000000E+0	0.00000000E+0	0.00000000E+0
3.30000000E+1	3.20000000E-7	7.77950008E+2	7.85996749E+2	-4.86254020E-10	0.00000000E+0	0.00000000E+0	0.00000000E+0	0.00000000E+0	0.00000000E+0
3.40000000E+1	3.30000000E-7	7.77950009E+2	7.85996750E+2	-4.81791896E-10	0.00000000E+0	0.00000000E+0	0.00000000E+0	0.00000000E+0	0.00000000E+0
3.50000000E+1	3.40000000E-7	7.77950008E+2	7.85996750E+2	-5.05602867E-10	0.00000000E+0	0.00000000E+0	0.00000000E+0	0.00000000E+0	0.00000000E+0
3.60000000E+1	3.50000000E-7	7.77950008E+2	7.85996751E+2	-5.14894384E-10	0.00000000E+0	0.00000000E+0	0.00000000E+0	0.00000000E+0	0.00000000E+0
3.70000000E+1	3.60000000E-7	7.77950008E+2	7.85996753E+2	-5.28383986E-10	0.00000000E+0	0.00000000E+0	0.00000000E+0	0.00000000E+0	0.00000000E+0
3.80000000E+1	3.70000000E-7	7.77950009E+2	7.85996754E+2	-5.24884430E-10	0.00000000E+0	0.00000000E+0	0.00000000E+0	0.00000000E+0	0.00000000E+0
3.90000000E+1	3.80000000E-7	7.77950011E+2	7.85996753E+2	-5.25914111E-10	0.00000000E+0	0.00000000E+0	0.00000000E+0	0.00000000E+0	0.00000000E+0
4.00000000E+1	3.90000000E-7	7.77950008E+2	7.85996752E+2	-5.18508739E-10	0.00000000E+0	0.00000000E+0	0.00000000E+0	0.00000000E+0	0.00000000E+0
4.10000000E+1	4.00000000E-7	7.77950009E+2	7.85996752E+2	-5.21965742E-10	0.00000000E+0	0.00000000E+0	0.00000000E+0	0.00000000E+0	0.00000000E+0
4.20000000E+1	4.10000000E-7	7.77950009E+2	7.85996751E+2	-5.13445832E-10	0.00000000E+0	0.00000000E+0	0.00000000E+0	0.00000000E+0	0.00000000E+0
4.30000000E+1	4.20000000E-7	7.77950008E+2	7.85996752E+2	-5.01554576E-10	0.00000000E+0	0.00000000E+0	0.00000000E+0	0.00000000E+0	0.00000000E+0
4.40000000E+1	4.30000000E-7	7.77950008E+2	7.85996752E+2	-4.88413523E-10	0.00000000E+0	0.00000000E+0	0.00000000E+0	0.00000000E+0	0.00000000E+0
4.50000000E+1	4.40000000E-7	7.77950009E+2	7.85996752E+2	-4.75919090E-10	0.00000000E+0	0.00000000E+0	0.00000000E+0	0.00000000E+0	0.00000000E+0
4.60000000E+1	4.50000000E-7	7.77950007E+2	7.85996751E+2	-4.62842249E-10	0.00000000E+0	0.00000000E+0	0.00000000E+0	0.00000000E+0	0.00000000E+0
4.70000000E+1	4.60000000E-7	7.77950007E+2	7.85996749E+2	-4.50520936E-10	0.00000000E+0	0.00000000E+0	0.00000000E+0	0.00000000E+0	0.00000000E+0
4.80000000E+1	4.70000000E-7	7.77950005E+2	7.85996748E+2	-4.38745364E-10	0.00000000E+0	0.00000000E+0	0.00000000E+0	0.00000000E+0	0.00000000E+0
4.90000000E+1	4.80000000E-7	7.77950005E+2	7.85996748E+2	-4.20593090E-10	0.00000000E+0	0.00000000E+0	0.00000000E+0	0.00000000E+0	0.00000000E+0
5.00000000E+1	4.90000000E-7	7.77950006E+2	7.85996748E+2	-4.06849840E-10	0.00000000E+0	0.00000000E+0	0.00000000E+0	0.00000000E+0	0.00000000E+0
5.10000000E+1	5.00000000E-7	7.77950005E+2	7.85996749E+2	-4.03878864E-10	0.00000000E+0	0.00000000E+0	0.00000000E+0	0.00000000E+0	0.00000000E+0
5.20000000E+1	5.10000000E-7	7.77950007E+2	7.85996749E+2	-3.83992334E-10	0.00000000E+0	0.00000000E+0	0.00000000E+0	0.00000000E+0	0.00000000E+0
5.30000000E+1	5.20000000E-7	7.77950008E+2	7.85996750E+2	-3.61312944E-10	0.00000000E+0	0.00000000E+0	0.00000000E+0	0.00000000E+0	0.00000000E+0
5.40000000E+1	5.30000000E-7	7.77950009E+2	7.85996750E+2	-3.70812790E-10	0.00000000E+0	0.00000000E+0	0.00000000E+0	0.00000000E+0	0.00000000E+0
5.50000000E+1	5.40000000E-7	7.77950010E+2	7.85996751E+2	-3.59049487E-10	0.00000000E+0	0.00000000E+0	0.00000000E+0	0.00000000E+0	0.00000000E+0
5.60000000E+1	5.50000000E-7	7.77950010E+2	7.85996751E+2	-3.54377249E-10	0.00000000E+0	0.00000000E+0	0.00000000E+0	0.00000000E+0	0.00000000E+0
5.70000000E+1	5.60000000E-7	7.77950010E+2	7.85996752E+2	-3.70927558E-10	0.00000000E+0	0.00000000E+0	0.00000000E+0	0.00000000E+0	0.00000000E+0
5.80000000E+1	5.70000000E-7	7.77950009E+2	7.85996751E+2	-3.62639703E-10	0.00000000E+0	0.00000000E+0	0.00000000E+0	0.00000000E+0	0.00000000E+0
5.90000000E+1	5.80000000E-7	7.77950009E+2	7.85996748E+2	-3.78876000E-10	0.00000000E+0	0.00000000E+0	0.00000000E+0	0.00000000E+0	0.00000000E+0
6.00000000E+1	5.90000000E-7	7.77950008E+2	7.85996747E+2	-3.86753934E-10	0.00000000E+0	0.00000000E+0	0.00000000E+0	0.00000000E+0	0.00000000E+0
6.10000000E+1	6.00000000E-7	7.77950009E+2	7.85996750E+2	-4.00897959E-10	0.00000000E+0	0.00000000E+0	0.00000000E+0	0.00000000E+0	0.00000000E+0
6.20000000E+1	6.10000000E-7	7.77950010E+2	7.85996748E+2	-3.94199684E-10	0.00000000E+0	0.00000000E+0	0.00000000E+0	0.00000000E+0	0.00000000E+0
6.30000000E+1	6.20000000E-7	7.77950007E+2	7.85996749E+2	-4.32799802E-10	0.00000000E+0	0.00000000E+0	0.00000000E+0	0.00000000E+0	0.00000000E+0
6.40000000E+1	6.30000000E-7	7.77950007E+2	7.85996751E+2	-4.46596894E-10	0.00000000E+0	0.00000000E+0	0.00000000E+0	0.00000000E+0	0.00000000E+0
6.50000000E+1	6.40000000E-7	7.77950008E+2	7.85996753E+2	-4.57304385E-10	0.00000000E+0	0.00000000E+0	0.00000000E+0	0.00000000E+0	0.00000000E+0
6.60000000E+1	6.50000000E-7	7.77950008E+2	7.85996752E+2	-4.72648068E-10	0.00000000E+0	0.00000000E+0	0.00000000E+0	0.00000000E+0	0.00000000E+0
6.70000000E+1	6.60000000E-7	7.77950009E+2	7.85996752E+2	-4.87083557E-10	0.00000000E+0	0.00000000E+0	0.00000000E+0	0.00000000E+0	0.00000000E+0
6.80000000E+1	6.70000000E-7	7.77950009E+2	7.85996752E+2	-4.93924967E-10	0.00000000E+0	0.00000000E+0	0.00000000E+0	0.00000000E+0	0.00000000E+0
6.90000000E+1	6.80000000E-7	7.77950008E+2	7.85996751E+2	-5.09195495E-10	0.00000000E+0	0.00000000E+0	0.00000000E+0	0.00000000E+0	0.00000000E+0
7.00000000E+1	6.90000000E-7	7.77950011E+2	7.85996753E+2	-5.15185048E-10	0.00000000E+0	0.00000000E+0	0.00000000E+0	0.00000000E+0	0.00000000E+0
7.10000000E+1	7.00000000E-7	7.77950009E+2	7.85996751E+2	-5.16903937E-10	0.00000000E+0	0.00000000E+0	0.00000000E+0	0.00000000E+0	0.00000000E+0
7.20000000E+1	7.10000000E-7	7.77950007E+2	7.85996750E+2	-5.15603543E-10	0.00000000E+0	0.00000000E+0	0.00000000E+0	0.00000000E+0	0.00000000E+0
7.30000000E+1	7.20000000E-7	7.77950007E+2	7.85996748E+2	-5.13698849E-10	0.00000000E+0	0.00000000E+0	0.00000000E+0	0.00000000E+0	0.00000000E+0
7.40000000E+1	7.30000000E-7	7.77950005E+2	7.85996748E+2	-5.04688634E-10	0.00000000E+0	0.00000000E+0	0.00000000E+0	0.00000000E+0	0.00000000E+0
7.50000000E+1	7.40000000E-7	7.77950006E+2	7.85996749E+2	-5.09563084E-10	0.00000000E+0	0.00000000E+0	0.00000000E+0	0.00000000E+0	0.00000000E+0
7.60000000E+1	7.50000000E-7	7.77950006E+2	7.85996749E+2	-4.97692426E-10	0.00000000E+0	0.00000000E+0	0.00000000E+0	0.00000000E+0	0.00000000E+0
7.70000000E+1	7.60000000E-7	7.77950008E+2	7.85996749E+2	-4.80572700E-10	0.00000000E+0	0.00000000E+0	0.00000000E+0	0.00000000E+0	0.00000000E+0
7.80000000E+1	7.70000000E-7	7.77950009E+2	7.85996749E+2	-4.51920609E-10	0.00000000E+0	0.00000000E+0	0.00000000E+0	0.00000000E+0	0.00000000E+0
7.90000000E+1	7.80000000E-7	7.77950009E+2	7.85996751E+2	-4.44291130E-10	0.00000000E+0	0.00000000E+0	0.00000000E+0	0.00000000E+0	0.00000000E+0
8.00000000E+1	7.90000000E-7	7.77950009E+2	7.85996750E+2	-4.37660073E-10	0.00000000E+0	0.00000000E+0	0.00000000E+0	0.00000000E+0	0.00000000E+0
8.10000000E+1	8.00000000E-7	7.77950009E+2	7.85996750E+2	-4.28720548E-10	0.00000000E+0	0.00000000E+0	0.00000000E+0	0.00000000E+0	0.00000000E+0
8.20000000E+1	8.10000000E-7	7.77950008E+2	7.85996750E+2	-4.06436482E-10	0.00000000E+0	0.00000000E+0	0.00000000E+0	0.00000000E+0	0.00000000E+0
8.30000000E+1	8.20000000E-7	7.77950008E+2	7.85996751E+2	-3.98153804E-10	0.00000000E+0	0.00000000E+0	0.00000000E+0	0.00000000E+0	0.00000000E+0
8.40000000E+1	8.30000000E-7	7.77950009E+2	7.85996750E+2	-3.76203687E-10	0.00000000E+0	0.00000000E+0	0.00000000E+0	0.00000000E+0	0.00000000E+0
8.50000000E+1	8.40000000E-7	7.77950009E+2	7.85996749E+2	-3.85927601E-10	0.00000000E+0	0.00000000E+0	0.00000000E+0	0.00000000E+0	0.00000000E+0
8.60000000E+1	8.50000000E-7	7.77950008E+2	7.85996750E+2	-3.69715843E-10	0.00000000E+0	0.00000000E+0	0.00000000E+0	0.00000000E+0	0.00000000E+0
8.70000000E+1	8.60000000E-7	7.77950010E+2	7.85996750E+2	-3.65176777E-10	0.00000000E+0	0.00000000E+0	0.00000000E+0	0.00000000E+0	0.00000000E+0
8.80000000E+1	8.70000000E-7	7.77950008E+2	7.85996750E+2	-3.72182009E-10	0.00000000E+0	0.00000000E+0	0.00000000E+0	0.00000000E+0	0.00000000E+0
8.90000000E+1	8.80000000E-7	7.77950010E+2	7.85996750E+2	-3.59759525E-10	0.00000000E+0	0.00000000E+0	0.00000000E+0	0.00000000E+0	0.00000000E+0
9.00000000E+1	8.90000000E-7	7.77950009E+2	7.85996751E+2	-3.74409039E-10	0.00000000E+0	0.00000000E+0	0.00000000E+0	0.00000000E+0	0.00000000E+0
9.10000000E+1	9.00000000E-7	7.77950009E+2	7.85996751E+2	-3.70765866E-10	0.00000000E+0	0.00000000E+0	0.00000000E+0	0.00000000E+0	0.00000000E+0
9.20000000E+1	9.10000000E-7	7.77950009E+2	7.85996750E+2	-3.90826690E-10	0.00000000E+0	0.00000000E+0	0.00000000E+0	0.00000000E+0	0.00000000E+0
9.30000000E+1	9.20000000E-7	7.77950006E+2	7.85996750E+2	-4.01655805E-10	0.00000000E+0	0.00000000E+0	0.00000000E+0	0.00000000E+0	0.00000000E+0
9.40000000E+1	9.30000000E-7	7.77950008E+2	7.85996750E+2	-4.13916458E-10	0.00000000E+0	0.00000000E+0	0.00000000E+0	0.00000000E+0	0.00000000E+0
9.50000000E+1	9.40000000E-7	7.77950006E+2	7.85996750E+2	-4.23736549E-10	0.00000000E+0	0.00000000E+0	0.00000000E+0	0.00000000E+0	0.00000000E+0
9.60000000E+1	9.50000000E-7	7.77950007E+2	7.85996750E+2	-4.30214347E-10	0.00000000E+0	0.00000000E+0	0.00000000E+0	0.00000000E+0	0.00000000E+0
9.70000000E+1	9.60000000E-7	7.77950007E+2	7.85996749E+2	-4.49580558E-10	0.00000000E+0	0.00000000E+0	0.00000000E+0	0.00000000E+0	0.00000000E+0
9.80000000E+1	9.70000000E-7	7.77950007E+2	7.85996748E+2	-4.68177017E-10	0.00000000E+0	0.00000000E+0	0.00000000E+0	0.00000000E+0	0.00000000E+0
9.90000000E+1	9.80000000E-7	7.77950007E+2	7.85996750E+2	-4.88043022E-10	0.00000000E+0	0.00000000E+0	0.00000000E+0	0.00000000E+0	0.00000000E+0
1.00000000E+2	9.90000000E-7	7.77950007E+2	7.85996750E+2	-4.91241417E-10	0.00000000E+0	0.00000000E+0	0.00000000E+0	0.00000000E+0	0.00000000E+0
1.01000000E+2	1.00000000E-6	7.77950008E+2	7.85996750E+2	-4.89681236E-10	0.00000000E+0	0.00000000E+0	0.00000000E+0	0.00000000E+0	0.00000000E+0
1.02000000E+2	1.01000000E-6	7.77950008E+2	7.85996750E+2	-5.06110877E-10	0.00000000E+0	0.00000000E+0	0.00000000E+0	0.00000000E+0	0.00000000E+0
1.03000000E+2	1.02000000E-6	7.77950009E+2	7.85996749E+2	-5.08543636E-10	0.00000000E+0	0.00000000E+0	0.00000000E+0	0.00000000E+0	0.00000000E+0
1.04000000E+2	1.03000000E-6	7.77950009E+2	7.85996749E+2	-5.10029596E-10	0.00000000E+0	0.00000000E+0	0.00000000E+0	0.00000000E+0	0.00000000E+0
1.05000000E+2	1.04000000E-6	7.77950010E+2	7.85996749E+2	-5.16515752E-10	0.00000000E+0	0.00000000E+0	0.00000000E+0	0.00000000E+0	0.00000000E+0
1.06000000E+2	1.05000000E-6	7.77950009E+2	7.85996748E+2	-5.13972370E-10	0.00000000E+0	0.00000000E+0	0.00000000E+0	0.00000000E+0	0.00000000E+0
1.07000000E+2	1.06000000E-6	7.77950008E+2	7.85996750E+2	-5.06808052E-10	0.00000000E+0	0.00000000E+0	0.00000000E+0	0.00000000E+0	0.00000000E+0
1.08000000E+2	1.07000000E-6	7.77950009E+2	7.85996750E+2	-5.01092128E-10	0.00000000E+0	0.00000000E+0	0.00000000E+0	0.00000000E+0	0.00000000E+0
1.09000000E+2	1.08000000E-6	7.77950008E+2	7.85996751E+2	-4.90717719E-10	0.00000000E+0	0.00000000E+0	0.00000000E+0	0.00000000E+0	0.00000000E+0
1.10000000E+2	1.09000000E-6	7.77950006E+2	7.85996753E+2	-4.82585177E-10	0.00000000E+0	0.00000000E+0	0.00000000E+0	0.00000000E+0	0.00000000E+0
1.11000000E+2	1.10000000E-6	7.77950005E+2	7.85996750E+2	-4.62212008E-10	0.00000000E+0	0.00000000E+0	0.00000000E+0	0.00000000E+0	0.00000000E+0
1.12000000E+2	1.11000000E-6	7.77950008E+2	7.85996750E+2	-4.57716230E-10	0.00000000E+0	0.00000000E+0	0.00000000E+0	0.00000000E+0	0.00000000E+0
1.13000000E+2	1.12000000E-6	7.77950007E+2	7.85996749E+2	-4.44286639E-10	0.00000000E+0	0.00000000E+0	0.00000000E+0	0.00000000E+0	0.00000000E+0
1.14000000E+2	1.13000000E-6	7.77950007E+2	7.85996751E+2	-4.29441257E-10	0.00000000E+0	0.00000000E+0	0.00000000E+0	0.00000000E+0	0.00000000E+0
1.15000000E+2	1.14000000E-6	7.77950008E+2	7.85996751E+2	-4.15990142E-10	0.00000000E+0	0.00000000E+0	0.00000000E+0	0.00000000E+0	0.00000000E+0
1.16000000E+2	1.15000000E-6	7.77950008E+2	7.85996752E+2	-4.03043492E-10	0.00000000E+0	0.00000000E+0	0.00000000E+0	0.00000000E+0	0.00000000E+0
1.17000000E+2	1.16000000E-6	7.77950009E+2	7.85996750E+2	-3.88440700E-10	0.00000000E+0	0.00000000E+0	0.00000000E+0	0.00000000E+0	0.00000000E+0
1.18000000E+2	1.17000000E-6	7.77950008E+2	7.85996750E+2	-3.89810111E-10	0.00000000E+0	0.00000000E+0	0.00000000E+0	0.00000000E+0	0.00000000E+0
1.19000000E+2	1.18000000E-6	7.77950009E+2	7.85996750E+2	-3.82899593E-10	0.00000000E+0	0.00000000E+0	0.00000000E+0	0.00000000E+0	0.00000000E+0
1.20000000E+2	1.19000000E-6	7.77950010E+2	7.85996749E+2	-3.79421915E-10	0.00000000E+0	0.00000000E+0	0.00000000E+0	0.00000000E+0	0.00000000E+0
1.21000000E+2	1.20000000E-6	7.77950010E+2	7.85996749E+2	-3.80768246E-10	0.00000000E+0	0.00000000E+0	0.00000000E+0	0.00000000E+0	0.00000000E+0
1.22000000E+2	1.21000000E-6	7.77950011E+2	7.85996751E+2	-3.84685025E-10	0.00000000E+0	0.00000000E+0	0.00000000E+0	0.00000000E+0	0.00000000E+0
1.23000000E+2	1.22000000E-6	7.77950009E+2	7.85996751E+2	-3.73497870E-10	0.00000000E+0	0.00000000E+0	0.00000000E+0	0.00000000E+0	0.00000000E+0
1.24000000E+2	1.23000000E-6	7.77950009E+2	7.85996750E+2	-3.90450639E-10	0.00000000E+0	0.00000000E+0	0.00000000E+0	0.00000000E+0	0.00000000E+0
1.25000000E+2	1.24000000E-6	7.77950009E+2	7.85996749E+2	-4.00469682E-10	0.00000000E+0	0.00000000E+0	0.00000000E+0	0.00000000E+0	0.00000000E+0
1.26000000E+2	1.25000000E-6	7.77950009E+2	7.85996749E+2	-4.00442154E-10	0.00000000E+0	0.00000000E+0	0.00000000E+0	0.00000000E+0	0.00000000E+0
1.27000000E+2	1.26000000E-6	7.77950009E+2	7.85996749E+2	-4.11343991E-10	0.00000000E+0	0.00000000E+0	0.00000000E+0	0.00000000E+0	0.00000000E+0
1.28000000E+2	1.27000000E-6	7.77950009E+2	7.85996750E+2	-4.41430682E-10	0.00000000E+0	0.00000000E+0	0.00000000E+0	0.00000000E+0	0.00000000E+0
1.29000000E+2	1.28000000E-6	7.77950008E+2	7.85996751E+2	-4.42848994E-10	0.00000000E+0	0.00000000E+0	0.00000000E+0	0.00000000E+0	0.00000000E+0
1.30000000E+2	1.29000000E-6	7.77950009E+2	7.85996752E+2	-4.46099311E-10	0.00000000E+0	0.00000000E+0	0.00000000E+0	0.00000000E+0	0.00000000E+0
1.31000000E+2	1.30000000E-6	7.77950009E+2	7.85996750E+2	-4.75312832E-10	0.00000000E+0	0.00000000E+0	0.00000000E+0	0.00000000E+0	0.00000000E+0
1.32000000E+2	1.31000000E-6	7.77950008E+2	7.85996751E+2	-4.78324313E-10	0.00000000E+0	0.00000000E+0	0.00000000E+0	0.00000000E+0	0.00000000E+0
1.33000000E+2	1.32000000E-6	7.77950008E+2	7.85996750E+2	-4.89589073E-10	0.00000000E+0	0.00000000E+0	0.00000000E+0	0.00000000E+0	0.00000000E+0
1.34000000E+2	1.33000000E-6	7.77950007E+2	7.85996750E+2	-4.84076127E-10	0.00000000E+0	0.00000000E+0	0.00000000E+0	0.00000000E+0	0.00000000E+0
1.35000000E+2	1.34000000E-6	7.77950007E+2	7.85996750E+2	-4.97151640E-10	0.00000000E+0	0.00000000E+0	0.00000000E+0	0.00000000E+0	0.00000000E+0
1.36000000E+2	1.35000000E-6	7.77950008E+2	7.85996749E+2	-5.10550277E-10	0.00000000E+0	0.00000000E+0	0.00000000E+0	0.00000000E+0	0.00000000E+0
1.37000000E+2	1.36000000E-6	7.77950009E+2	7.85996750E+2	-5.10220786E-10	0.00000000E+0	0.00000000E+0	0.00000000E+0	0.00000000E+0	0.00000000E+0
1.38000000E+2	1.37000000E-6	7.77950010E+2	7.85996749E+2	-5.04484338E-10	0.00000000E+0	0.00000000E+0	0.00000000E+0	0.00000000E+0	0.00000000E+0
1.39000000E+2	1.38000000E-6	7.77950008E+2	7.85996749E+2	-4.95698327E-10	0.00000000E+0	0.00000000E+0	0.00000000E+0	0.00000000E+0	0.00000000E+0
1.40000000E+2	1.39000000E-6	7.77950008E+2	7.85996749E+2	-5.16667970E-10	0.00000000E+0	0.00000000E+0	0.00000000E+0	0.00000000E+0	0.00000000E+0
1.41000000E+2	1.40000000E-6	7.77950010E+2	7.85996750E+2	-4.95796252E-10	0.00000000E+0	0.00000000E+0	0.00000000E+0	0.00000000E+0	0.00000000E+0
1.42000000E+2	1.41000000E-6	7.77950008E+2	7.85996750E+2	-4.84656356E-10	0.00000000E+0	0.00000000E+0	0.00000000E+0	0.00000000E+0	0.00000000E+0
1.43000000E+2	1.42000000E-6	7.77950008E+2	7.85996750E+2	-4.69659784E-10	0.00000000E+0	0.00000000E+0	0.00000000E+0	0.00000000E+0	0.00000000E+0
1.44000000E+2	1.43000000E-6	7.77950011E+2	7.85996752E+2	-4.67700610E-10	0.00000000E+0	0.00000000E+0	0.00000000E+0	0.00000000E+0	0.00000000E+0
1.45000000E+2	1.44000000E-6	7.77950009E+2	7.85996751E+2	-4.55832456E-10	0.00000000E+0	0.00000000E+0	0.00000000E+0	0.00000000E+0	0.00000000E+0
1.46000000E+2	1.45000000E-6	7.77950007E+2	7.85996751E+2	-4.37630777E-10	0.00000000E+0	0.00000000E+0	0.00000000E+0	0.00000000E+0	0.00000000E+0
1.47000000E+2	1.46000000E-6	7.77950008E+2	7.85996751E+2	-4.21415870E-10	0.00000000E+0	0.00000000E+0	0.00000000E+0	0.00000000E+0	0.00000000E+0
1.48000000E+2	1.47000000E-6	7.77950008E+2	7.85996750E+2	-4.19674885E-10	0.00000000E+0	0.00000000E+0	0.00000000E+0	0.00000000E+0	0.00000000E+0
1.49000000E+2	1.48000000E-6	7.77950007E+2	7.85996751E+2	-3.94531717E-10	0.00000000E+0	0.00000000E+0	0.00000000E+0	0.00000000E+0	0.00000000E+0
1.50000000E+2	1.49000000E-6	7.77950008E+2	7.85996751E+2	-3.91003126E-10	0.00000000E+0	0.00000000E+0	0.00000000E+0	0.00000000E+0	0.00000000E+0
1.51000000E+2	1.50000000E-6	7.77950007E+2	7.85996749E+2	-3.87269135E-10	0.00000000E+0	0.00000000E+0	0.00000000E+0	0.00000000E+0	0.00000000E+0
1.52000000E+2	1.51000000E-6	7.77950008E+2	7.85996749E+2	-3.88474471E-10	0.00000000E+0	0.00000000E+0	0.00000000E+0	0.00000000E+0	0.00000000E+0
1.53000000E+2	1.52000000E-6	7.77950008E+2	7.85996750E+2	-3.79764303E-10	0.00000000E+0	0.00000000E+0	0.00000000E+0	0.00000000E+0	0.00000000E+0
1.54000000E+2	1.53000000E-6	7.77950007E+2	7.85996748E+2	-3.82220272E-10	0.00000000E+0	0.00000000E+0	0.00000000E+0	0.00000000E+0	0.00000000E+0
1.55000000E+2	1.54000000E-6	7.77950007E+2	7.85996749E+2	-3.78698089E-10	0.00000000E+0	0.00000000E+0	0.00000000E+0	0.00000000E+0	0.00000000E+0
1.56000000E+2	1.55000000E-6	7.77950008E+2	7.85996751E+2	-3.88952483E-10	0.00000000E+0	0.00000000E+0	0.00000000E+0	0.00000000E+0	0.00000000E+0
1.57000000E+2	1.56000000E-6	7.77950007E+2	7.85996749E+2	-3.99547532E-10	0.00000000E+0	0.00000000E+0	0.00000000E+0	0.00000000E+0	0.00000000E+0
1.58000000E+2	1.57000000E-6	7.77950008E+2	7.85996749E+2	-4.04904227E-10	0.00000000E+0	0.00000000E+0	0.00000000E+0	0.00000000E+0	0.00000000E+0
1.59000000E+2	1.58000000E-6	7.77950008E+2	7.85996749E+2	-4.22598808E-10	0.00000000E+0	0.00000000E+0	0.00000000E+0	0.00000000E+0	0.00000000E+0
1.60000000E+2	1.59000000E-6	7.77950006E+2	7.85996750E+2	-4.33669454E-10	0.00000000E+0	0.00000000E+0	0.00000000E+0	0.00000000E+0	0.00000000E+0
1.61000000E+2	1.60000000E-6	7.77950009E+2	7.85996751E+2	-4.41857026E-10	0.00000000E+0	0.00000000E+0	0.00000000E+0	0.00000000E+0	0.00000000E+0
1.62000000E+2	1.61000000E-6	7.77950007E+2	7.85996751E+2	-4.52288188E-10	0.00000000E+0	0.00000000E+0	0.00000000E+0	0.00000000E+0	0.00000000E+0
1.63000000E+2	1.62000000E-6	7.77950007E+2	7.85996750E+2	-4.59797981E-10	0.00000000E+0	0.00000000E+0	0.00000000E+0	0.00000000E+0	0.00000000E+0
1.64000000E+2	1.63000000E-6	7.77950010E+2	7.85996749E+2	-4.75970013E-10	0.00000000E+0	0.00000000E+0	0.00000000E+0	0.00000000E+0	0.00000000E+0
1.65000000E+2	1.64000000E-6	7.77950008E+2	7.85996747E+2	-4.98087342E-10	0.00000000E+0	0.00000000E+0	0.00000000E+0	0.00000000E+0	0.00000000E+0
1.66000000E+2	1.65000000E-6	7.77950010E+2	7.85996748E+2	-4.86432680E-10	0.00000000E+0	0.00000000E+0	0.00000000E+0	0.00000000E+0	0.00000000E+0
1.67000000E+2	1.66000000E-6	7.77950010E+2	7.85996749E+2	-5.02528599E-10	0.00000000E+0	0.00000000E+0	0.00000000E+0	0.00000000E+0	0.00000000E+0
1.68000000E+2	1.67000000E-6	7.77950009E+2	7.85996749E+2	-4.99096915E-10	0.00000000E+0	0.00000000E+0	0.00000000E+0	0.00000000E+0	0.00000000E+0
1.69000000E+2	1.68000000E-6	7.77950008E+2	7.85996749E+2	-4.99994995E-10	0.00000000E+0	0.00000000E+0	0.00000000E+0	0.00000000E+0	0.00000000E+0
1.70000000E+2	1.69000000E-6	7.77950008E+2	7.85996750E+2	-4.98959877E-10	0.00000000E+0	0.00000000E+0	0.00000000E+0	0.00000000E+0	0.00000000E+0
1.71000000E+2	1.70000000E-6	7.77950007E+2	7.85996750E+2	-5.08602280E-10	0.00000000E+0	0.00000000E+0	0.00000000E+0	0.00000000E+0	0.00000000E+0
1.72000000E+2	1.71000000E-6	7.77950008E+2	7.85996751E+2	-4.97597797E-10	0.00000000E+0	0.00000000E+0	0.00000000E+0	0.00000000E+0	0.00000000E+0
1.73000000E+2	1.72000000E-6	7.77950007E+2	7.85996752E+2	-4.94979776E-10	0.00000000E+0	0.00000000E+0	0.00000000E+0	0.00000000E+0	0.00000000E+0
1.74000000E+2	1.73000000E-6	7.77950007E+2	7.85996750E+2	-4.85565413E-10	0.00000000E+0	0.00000000E+0	0.00000000E+0	0.00000000E+0	0.00000000E+0
1.75000000E+2	1.74000000E-6	7.77950007E+2	7.85996750E+2	-4.75348797E-10	0.00000000E+0	0.00000000E+0	0.00000000E+0	0.00000000E+0	0.00000000E+0
1.76000000E+2	1.75000000E-6	7.77950009E+2	7.85996751E+2	-4.70632643E-10	0.00000000E+0	0.00000000E+0	0.00000000E+0	0.00000000E+0	0.00000000E+0
1.77000000E+2	1.76000000E-6	7.77950009E+2	7.85996751E+2	-4.51526297E-10	0.00000000E+0	0.00000000E+0	0.00000000E+0	0.00000000E+0	0.00000000E+0
1.78000000E+2	1.77000000E-6	7.77950009E+2	7.85996750E+2	-4.50075519E-10	0.00000000E+0	0.00000000E+0	0.00000000E+0	0.00000000E+0	0.00000000E+0
1.79000000E+2	1.78000000E-6	7.77950009E+2	7.85996750E+2	-4.39483243E-10	0.00000000E+0	0.00000000E+0	0.00000000E+0	0.00000000E+0	0.00000000E+0
1.80000000E+2	1.79000000E-6	7.77950010E+2	7.85996749E+2	-4.17400397E-10	0.00000000E+0	0.00000000E+0	0.00000000E+0	0.00000000E+0	0.00000000E+0
1.81000000E+2	1.80000000E-6	7.77950008E+2	7.85996749E+2	-4.05402585E-10	0.00000000E+0	0.00000000E+0	0.00000000E+0	0.00000000E+0	0.00000000E+0
1.82000000E+2	1.81000000E-6	7.77950009E+2	7.85996747E+2	-4.08056196E-10	0.00000000E+0	0.00000000E+0	0.00000000E+0	0.00000000E+0	0.00000000E+0
1.83000000E+2	1.82000000E-6	7.77950008E+2	7.85996751E+2	-4.00947587E-10	0.00000000E+0	0.00000000E+0	0.00000000E+0	0.00000000E+0	0.00000000E+0
1.84000000E+2	1.83000000E-6	7.77950009E+2	7.85996748E+2	-3.88870995E-10	0.00000000E+0	0.00000000E+0	0.00000000E+0	0.00000000E+0	0.00000000E+0
1.85000000E+2	1.84000000E-6	7.77950008E+2	7.85996748E+2	-3.97068907E-10	0.00000000E+0	0.00000000E+0	0.00000000E+0	0.00000000E+0	0.00000000E+0
1.86000000E+2	1.85000000E-6	7.77950007E+2	7.85996750E+2	-3.80590419E-10	0.00000000E+0	0.00000000E+0	0.00000000E+0	0.00000000E+0	0.00000000E+0
1.87000000E+2	1.86000000E-6	7.77950007E+2	7.85996751E+2	-3.90279493E-10	0.00000000E+0	0.00000000E+0	0.00000000E+0	0.00000000E+0	0.00000000E+0
1.88000000E+2	1.87000000E-6	7.77950009E+2	7.85996751E+2	-3.91128944E-10	0.00000000E+0	0.00000000E+0	0.00000000E+0	0.00000000E+0	0.00000000E+0
1.89000000E+2	1.88000000E-6	7.77950007E+2	7.85996750E+2	-3.93431218E-10	0.00000000E+0	0.00000000E+0	0.00000000E+0	0.00000000E+0	0.00000000E+0
1.90000000E+2	1.89000000E-6	7.77950008E+2	7.85996751E+2	-3.94484167E-10	0.00000000E+0	0.00000000E+0	0.00000000E+0	0.00000000E+0	0.00000000E+0
1.91000000E+2	1.90000000E-6	7.77950010E+2	7.85996750E+2	-3.95820132E-10	0.00000000E+0	0.00000000E+0	0.00000000E+0	0.00000000E+0	0.00000000E+0
1.92000000E+2	1.91000000E-6	7.77950008E+2	7.85996747E+2	-4.28742153E-10	0.00000000E+0	0.00000000E+0	0.00000000E+0	0.00000000E+0	0.00000000E+0
1.93000000E+2	1.92000000E-6	7.77950008E+2	7.85996750E+2	-4.36399968E-10	0.00000000E+0	0.00000000E+0	0.00000000E+0	0.00000000E+0	0.00000000E+0
1.94000000E+2	1.93000000E-6	7.77950007E+2	7.85996749E+2	-4.55433367E-10	0.00000000E+0	0.00000000E+0	0.00000000E+0	0.00000000E+0	0.00000000E+0
1.95000000E+2	1.94000000E-6	7.77950009E+2	7.85996750E+2	-4.64584679E-10	0.00000000E+0	0.00000000E+0	0.00000000E+0	0.00000000E+0	0.00000000E+0
1.96000000E+2	1.95000000E-6	7.77950008E+2	7.85996751E+2	-4.66658870E-10	0.00000000E+0	0.00000000E+0	0.00000000E+0	0.00000000E+0	0.00000000E+0
1.97000000E+2	1.96000000E-6	7.77950006E+2	7.85996747E+2	-4.75177234E-10	0.00000000E+0	0.00000000E+0	0.00000000E+0	0.00000000E+0	0.00000000E+0
1.98000000E+2	1.97000000E-6	7.77950008E+2	7.85996750E+2	-4.88576432E-10	0.00000000E+0	0.00000000E+0	0.00000000E+0	0.00000000E+0	0.00000000E+0
1.99000000E+2	1.98000000E-6	7.77950007E+2	7.85996752E+2	-4.90178533E-10	0.00000000E+0	0.00000000E+0	0.00000000E+0	0.00000000E+0	0.00000000E+0
2.00000000E+2	1.99000000E-6	7.77950007E+2	7.85996750E+2	-4.99244044E-10	0.00000000E+0	0.00000000E+0	0.00000000E+0	0.00000000E+0	0.00000000E+0
2.01000000E+2	2.00000000E-6	7.77950007E+2	7.85996751E+2	-4.94583897E-10	0.00000000E+0	0.00000000E+0	0.00000000E+0	0.00000000E+0	0.00000000E+0
2.02000000E+2	2.01000000E-6	7.77950007E+2	7.85996751E+2	-4.92424456E-10	0.00000000E+0	0.00000000E+0	0.00000000E+0	0.00000000E+0	0.00000000E+0
2.03000000E+2	2.02000000E-6	7.77950007E+2	7.85996750E+2	-4.97351276E-10	0.00000000E+0	0.00000000E+0	0.00000000E+0	0.00000000E+0	0.00000000E+0
2.04000000E+2	2.03000000E-6	7.77950007E+2	7.85996748E+2	-4.97639369E-10	0.00000000E+0	0.00000000E+0	0.00000000E+0	0.00000000E+0	0.00000000E+0
2.05000000E+2	2.04000000E-6	7.77950008E+2	7.85996750E+2	-4.94145454E-10	0.00000000E+0	0.00000000E+0	0.00000000E+0	0.00000000E+0	0.00000000E+0
2.06000000E+2	2.05000000E-6	7.77950008E+2	7.85996751E+2	-4.90589109E-10	0.00000000E+0	0.00000000E+0	0.00000000E+0	0.00000000E+0	0.00000000E+0
2.07000000E+2	2.06000000E-6	7.77950008E+2	7.85996751E+2	-4.79617177E-10	0.00000000E+0	0.00000000E+0	0.00000000E+0	0.00000000E+0	0.00000000E+0
2.08000000E+2	2.07000000E-6	7.77950009E+2	7.85996752E+2	-4.72838258E-10	0.00000000E+0	0.00000000E+0	0.00000000E+0	0.00000000E+0	0.00000000E+0
2.09000000E+2	2.08000000E-6	7.77950009E+2	7.85996751E+2	-4.68879650E-10	0.00000000E+0	0.00000000E+0	0.00000000E+0	0.00000000E+0	0.00000000E+0
2.10000000E+2	2.09000000E-6	7.77950009E+2	7.85996753E+2	-4.57994066E-10	0.00000000E+0	0.00000000E+0	0.00000000E+0	0.00000000E+0	0.00000000E+0
2.11000000E+2	2.10000000E-6	7.77950009E+2	7.85996751E+2	-4.36754608E-10	0.00000000E+0	0.00000000E+0	0.00000000E+0	0.00000000E+0	0.00000000E+0
2.12000000E+2	2.11000000E-6	7.77950009E+2	7.85996753E+2	-4.35162647E-10	0.00000000E+0	0.00000000E+0	0.00000000E+0	0.00000000E+0	0.00000000E+0
2.13000000E+2	2.12000000E-6	7.77950008E+2	7.85996751E+2	-4.18083961E-10	0.00000000E+0	0.00000000E+0	0.00000000E+0	0.00000000E+0	0.00000000E+0
2.14000000E+2	2.13000000E-6	7.77950006E+2	7.85996751E+2	-4.08435429E-10	0.00000000E+0	0.00000000E+0	0.00000000E+0	0.00000000E+0	0.00000000E+0
2.15000000E+2	2.14000000E-6	7.77950007E+2	7.85996749E+2	-4.18036153E-10	0.00000000E+0	0.00000000E+0	0.00000000E+0	0.00000000E+0	0.00000000E+0
2.16000000E+2	2.15000000E-6	7.77950009E+2	7.85996754E+2	-4.04944928E-10	0.00000000E+0	0.00000000E+0	0.00000000E+0	0.00000000E+0	0.00000000E+0
2.17000000E+2	2.16000000E-6	7.77950009E+2	7.85996752E+2	-3.93041925E-10	0.00000000E+0	0.00000000E+0	0.00000000E+0	0.00000000E+0	0.00000000E+0
2.18000000E+2	2.17000000E-6	7.77950007E+2	7.85996749E+2	-4.01290173E-10	0.00000000E+0	0.00000000E+0	0.00000000E+0	0.00000000E+0	0.00000000E+0
2.19000000E+2	2.18000000E-6	7.77950009E+2	7.85996750E+2	-4.06157653E-10	0.00000000E+0	0.00000000E+0	0.00000000E+0	0.00000000E+0	0.00000000E+0
2.20000000E+2	2.19000000E-6	7.77950008E+2	7.85996750E+2	-4.02776005E-10	0.00000000E+0	0.00000000E+0	0.00000000E+0	0.00000000E+0	0.00000000E+0
2.21000000E+2	2.20000000E-6	7.77950010E+2	7.85996751E+2	-4.18805057E-10	0.00000000E+0	0.00000000E+0	0.00000000E+0	0.00000000E+0	0.00000000E+0
2.22000000E+2	2.21000000E-6	7.77950008E+2	7.85996751E+2	-4.24530107E-10	0.00000000E+0	0.00000000E+0	0.00000000E+0	0.00000000E+0	0.00000000E+0
2.23000000E+2	2.22000000E-6	7.77950009E+2	7.85996750E+2	-4.23775277E-10	0.00000000E+0	0.00000000E+0	0.00000000E+0	0.00000000E+0	0.00000000E+0
2.24000000E+2	2.23000000E-6	7.77950009E+2	7.85996750E+2	-4.41118061E-10	0.00000000E+0	0.00000000E+0	0.00000000E+0	0.00000000E+0	0.00000000E+0
2.25000000E+2	2.24000000E-6	7.77950009E+2	7.85996751E+2	-4.52181752E-10	0.00000000E+0	0.00000000E+0	0.00000000E+0	0.00000000E+0	0.00000000E+0
2.26000000E+2	2.25000000E-6	7.77950008E+2	7.85996750E+2	-4.63456703E-10	0.00000000E+0	0.00000000E+0	0.00000000E+0	0.00000000E+0	0.00000000E+0
2.27000000E+2	2.26000000E-6	7.77950006E+2	7.85996750E+2	-4.77869295E-10	0.00000000E+0	0.00000000E+0	0.00000000E+0	0.00000000E+0	0.00000000E+0
2.28000000E+2	2.27000000E-6	7.77950008E+2	7.85996749E+2	-4.78015311E-10	0.00000000E+0	0.00000000E+0	0.00000000E+0	0.00000000E+0	0.00000000E+0
2.29000000E+2	2.28000000E-6	7.77950009E+2	7.85996748E+2	-4.74124314E-10	0.00000000E+0	0.00000000E+0	0.00000000E+0	0.00000000E+0	0.00000000E+0
2.30000000E+2	2.29000000E-6	7.77950009E+2	7.85996750E+2	-4.92003848E-10	0.00000000E+0	0.00000000E+0	0.00000000E+0	0.00000000E+0	0.00000000E+0
2.31000000E+2	2.30000000E-6	7.77950008E+2	7.85996753E+2	-4.84751502E-10	0.00000000E+0	0.00000000E+0	0.00000000E+0	0.00000000E+0	0.00000000E+0
2.32000000E+2	2.31000000E-6	7.77950009E+2	7.85996751E+2	-4.82042469E-10	0.00000000E+0	0.00000000E+0	0.00000000E+0	0.00000000E+0	0.00000000E+0
2.33000000E+2	2.32000000E-6	7.77950008E+2	7.85996752E+2	-5.03320125E-10	0.00000000E+0	0.00000000E+0	0.00000000E+0	0.00000000E+0	0.00000000E+0
2.34000000E+2	2.33000000E-6	7.77950010E+2	7.85996750E+2	-4.95793735E-10	0.00000000E+0	0.00000000E+0	0.00000000E+0	0.00000000E+0	0.00000000E+0
2.35000000E+2	2.34000000E-6	7.77950009E+2	7.85996751E+2	-4.96572881E-10	0.00000000E+0	0.00000000E+0	0.00000000E+0	0.00000000E+0	0.00000000E+0
2.36000000E+2	2.35000000E-6	7.77950009E+2	7.85996751E+2	-4.96365772E-10	0.00000000E+0	0.00000000E+0	0.00000000E+0	0.00000000E+0	0.00000000E+0
2.37000000E+2	2.36000000E-6	7.77950010E+2	7.85996751E+2	-4.83635370E-10	0.00000000E+0	0.00000000E+0	0.00000000E+0	0.00000000E+0	0.00000000E+0
2.38000000E+2	2.37000000E-6	7.77950009E+2	7.85996751E+2	-4.72908215E-10	0.00000000E+0	0.00000000E+0	0.00000000E+0	0.00000000E+0	0.00000000E+0
2.39000000E+2	2.38000000E-6	7.77950008E+2	7.85996752E+2	-4.77447144E-10	0.00000000E+0	0.00000000E+0	0.00000000E+0	0.00000000E+0	0.00000000E+0
2.40000000E+2	2.39000000E-6	7.77950007E+2	7.85996750E+2	-4.72406963E-10	0.00000000E+0	0.00000000E+0	0.00000000E+0	0.00000000E+0	0.00000000E+0
2.41000000E+2	2.40000000E-6	7.77950008E+2	7.85996751E+2	-4.69220849E-10	0.00000000E+0	0.00000000E+0	0.00000000E+0	0.00000000E+0	0.00000000E+0
2.42000000E+2	2.41000000E-6	7.77950008E+2	7.85996751E+2	-4.56346670E-10	0.00000000E+0	0.00000000E+0	0.00000000E+0	0.00000000E+0	0.00000000E+0
2.43000000E+2	2.42000000E-6	7.77950010E+2	7.85996749E+2	-4.49687530E-10	0.00000000E+0	0.00000000E+0	0.00000000E+0	0.00000000E+0	0.00000000E+0
2.44000000E+2	2.43000000E-6	7.77950011E+2	7.85996753E+2	-4.43111666E-10	0.00000000E+0	0.00000000E+0	0.00000000E+0	0.00000000E+0	0.00000000E+0
2.45000000E+2	2.44000000E-6	7.77950011E+2	7.85996753E+2	-4.38810500E-10	0.00000000E+0	0.00000000E+0	0.00000000E+0	0.00000000E+0	0.00000000E+0
2.46000000E+2	2.45000000E-6	7.77950009E+2	7.85996751E+2	-4.12784755E-10	0.00000000E+0	0.00000000E+0	0.00000000E+0	0.00000000E+0	0.00000000E+0
2.47000000E+2	2.46000000E-6	7.77950010E+2	7.85996751E+2	-4.23555102E-10	0.00000000E+0	0.00000000E+0	0.00000000E+0	0.00000000E+0	0.00000000E+0
2.48000000E+2	2.47000000E-6	7.77950006E+2	7.85996750E+2	-4.20444909E-10	0.00000000E+0	0.00000000E+0	0.00000000E+0	0.00000000E+0	0.00000000E+0
2.49000000E+2	2.48000000E-6	7.77950009E+2	7.85996750E+2	-4.00055191E-10	0.00000000E+0	0.00000000E+0	0.00000000E+0	0.00000000E+0	0.00000000E+0
2.50000000E+2	2.49000000E-6	7.77950009E+2	7.85996749E+2	-3.99508505E-10	0.00000000E+0	0.00000000E+0	0.00000000E+0	0.00000000E+0	0.00000000E+0
2.51000000E+2	2.50000000E-6	7.77950008E+2	7.85996749E+2	-4.14172993E-10	0.00000000E+0	0.00000000E+0	0.00000000E+0	0.00000000E+0	0.00000000E+0
2.52000000E+2	2.51000000E-6	7.77950008E+2	7.85996749E+2	-4.15639559E-10	0.00000000E+0	0.00000000E+0	0.00000000E+0	0.00000000E+0	0.00000000E+0
2.53000000E+2	2.52000000E-6	7.77950007E+2	7.85996749E+2	-4.03654265E-10	0.00000000E+0	0.00000000E+0	0.00000000E+0	0.00000000E+0	0.00000000E+0
2.54000000E+2	2.53000000E-6	7.77950008E+2	7.85996747E+2	-4.19737284E-10	0.00000000E+0	0.00000000E+0	0.00000000E+0	0.00000000E+0	0.00000000E+0
2.55000000E+2	2.54000000E-6	7.77950007E+2	7.85996749E+2	-4.22071289E-10	0.00000000E+0	0.00000000E+0	0.00000000E+0	0.00000000E+0	0.00000000E+0
2.56000000E+2	2.55000000E-6	7.77950006E+2	7.85996748E+2	-4.20814239E-10	0.00000000E+0	0.00000000E+0	0.00000000E+0	0.00000000E+0	0.00000000E+0
2.57000000E+2	2.56000000E-6	7.77950008E+2	7.85996750E+2	-4.39313659E-10	0.00000000E+0	0.00000000E+0	0.00000000E+0	0.00000000E+0	0.00000000E+0
2.58000000E+2	2.57000000E-6	7.77950009E+2	7.85996750E+2	-4.38716363E-10	0.00000000E+0	0.00000000E+0	0.00000000E+0	0.00000000E+0	0.00000000E+0
2.59000000E+2	2.58000000E-6	7.77950007E+2	7.85996749E+2	-4.59251865E-10	0.00000000E+0	0.00000000E+0	0.00000000E+0	0.00000000E+0	0.00000000E+0
2.60000000E+2	2.59000000E-6	7.77950006E+2	7.85996750E+2	-4.61075502E-10	0.00000000E+0	0.00000000E+0	0.00000000E+0	0.00000000E+0	0.00000000E+0
2.61000000E+2	2.60000000E-6	7.77950006E+2	7.85996750E+2	-4.60523155E-10	0.00000000E+0	0.00000000E+0	0.00000000E+0	0.00000000E+0	0.00000000E+0
2.62000000E+2	2.61000000E-6	7.77950009E+2	7.85996749E+2	-4.72645375E-10	0.00000000E+0	0.00000000E+0	0.00000000E+0	0.00000000E+0	0.00000000E+0
2.63000000E+2	2.62000000E-6	7.77950009E+2	7.85996751E+2	-4.73451275E-10	0.00000000E+0	0.00000000E+0	0.00000000E+0	0.00000000E+0	0.00000000E+0
2.64000000E+2	2.63000000E-6	7.77950009E+2	7.85996750E+2	-4.83108184E-10	0.00000000E+0	0.00000000E+0	0.00000000E+0	0.00000000E+0	0.00000000E+0
2.65000000E+2	2.64000000E-6	7.77950009E+2	7.85996749E+2	-4.94835277E-10	0.00000000E+0	0.00000000E+0	0.00000000E+0	0.00000000E+0	0.00000000E+0
2.66000000E+2	2.65000000E-6	7.77950009E+2	7.85996748E+2	-4.84709729E-10	0.00000000E+0	0.00000000E+0	0.00000000E+0	0.00000000E+0	0.00000000E+0
2.67000000E+2	2.66000000E-6	7.77950008E+2	7.85996750E+2	-4.93325745E-10	0.00000000E+0	0.00000000E+0	0.00000000E+0	0.00000000E+0	0.00000000E+0
2.68000000E+2	2.67000000E-6	7.77950007E+2	7.85996748E+2	-4.97333512E-10	0.00000000E+0	0.00000000E+0	0.00000000E+0	0.00000000E+0	0.00000000E+0
2.69000000E+2	2.68000000E-6	7.77950007E+2	7.85996750E+2	-4.88373920E-10	0.00000000E+0	0.00000000E+0	0.00000000E+0	0.00000000E+0	0.00000000E+0
2.70000000E+2	2.69000000E-6	7.77950007E+2	7.85996749E+2	-4.90414301E-10	0.00000000E+0	0.00000000E+0	0.00000000E+0	0.00000000E+0	0.00000000E+0
2.71000000E+2	2.70000000E-6	7.77950006E+2	7.85996748E+2	-4.99734400E-10	0.00000000E+0	0.00000000E+0	0.00000000E+0	0.00000000E+0	0.00000000E+0
2.72000000E+2	2.71000000E-6	7.77950009E+2	7.85996749E+2	-4.83547662E-10	0.00000000E+0	0.00000000E+0	0.00000000E+0	0.00000000E+0	0.00000000E+0
2.73000000E+2	2.72000000E-6	7.77950010E+2	7.85996749E+2	-4.68533350E-10	0.00000000E+0	0.00000000E+0	0.00000000E+0	0.00000000E+0	0.00000000E+0
2.74000000E+2	2.73000000E-6	7.77950008E+2	7.85996752E+2	-4.55211145E-10	0.00000000E+0	0.00000000E+0	0.00000000E+0	0.00000000E+0	0.00000000E+0
2.75000000E+2	2.74000000E-6	7.77950008E+2	7.85996752E+2	-4.50773240E-10	0.00000000E+0	0.00000000E+0	0.00000000E+0	0.00000000E+0	0.00000000E+0
2.76000000E+2	2.75000000E-6	7.77950008E+2	7.85996752E+2	-4.41613940E-10	0.00000000E+0	0.00000000E+0	0.00000000E+0	0.00000000E+0	0.00000000E+0
2.77000000E+2	2.76000000E-6	7.77950008E+2	7.85996751E+2	-4.31860716E-10	0.00000000E+0	0.00000000E+0	0.00000000E+0	0.00000000E+0	0.00000000E+0
2.78000000E+2	2.77000000E-6	7.77950008E+2	7.85996751E+2	-4.25633128E-10	0.00000000E+0	0.00000000E+0	0.00000000E+0	0.00000000E+0	0.00000000E+0
2.79000000E+2	2.78000000E-6	7.77950007E+2	7.85996752E+2	-4.24717602E-10	0.00000000E+0	0.00000000E+0	0.00000000E+0	0.00000000E+0	0.00000000E+0
2.80000000E+2	2.79000000E-6	7.77950008E+2	7.85996751E+2	-4.29783015E-10	0.00000000E+0	0.00000000E+0	0.00000000E+0	0.00000000E+0	0.00000000E+0
2.81000000E+2	2.80000000E-6	7.77950007E+2	7.85996751E+2	-4.33255119E-10	0.00000000E+0	0.00000000E+0	0.00000000E+0	0.00000000E+0	0.00000000E+0
2.82000000E+2	2.81000000E-6	7.77950007E+2	7.85996750E+2	-4.21718398E-10	0.00000000E+0	0.00000000E+0	0.00000000E+0	0.00000000E+0	0.00000000E+0
2.83000000E+2	2.82000000E-6	7.77950007E+2	7.85996750E+2	-4.21320430E-10	0.00000000E+0	0.00000000E+0	0.00000000E+0	0.00000000E+0	0.00000000E+0
2.84000000E+2	2.83000000E-6	7.77950008E+2	7.85996749E+2	-4.29304803E-10	0.00000000E+0	0.00000000E+0	0.00000000E+0	0.00000000E+0	0.00000000E+0
2.85000000E+2	2.84000000E-6	7.77950007E+2	7.85996749E+2	-4.32949196E-10	0.00000000E+0	0.00000000E+0	0.00000000E+0	0.00000000E+0	0.00000000E+0
2.86000000E+2	2.85000000E-6	7.77950008E+2	7.85996751E+2	-4.41921596E-10	0.00000000E+0	0.00000000E+0	0.00000000E+0	0.00000000E+0	0.00000000E+0
2.87000000E+2	2.86000000E-6	7.77950007E+2	7.85996750E+2	-4.35884749E-10	0.00000000E+0	0.00000000E+0	0.00000000E+0	0.00000000E+0	0.00000000E+0
2.88000000E+2	2.87000000E-6	7.77950007E+2	7.85996750E+2	-4.33788357E-10	0.00000000E+0	0.00000000E+0	0.00000000E+0	0.00000000E+0	0.00000000E+0
2.89000000E+2	2.88000000E-6	7.77950006E+2	7.85996751E+2	-4.50726171E-10	0.00000000E+0	0.00000000E+0	0.00000000E+0	0.00000000E+0	0.00000000E+0
2.90000000E+2	2.89000000E-6	7.77950008E+2	7.85996750E+2	-4.59967034E-10	0.00000000E+0	0.00000000E+0	0.00000000E+0	0.00000000E+0	0.00000000E+0
2.91000000E+2	2.90000000E-6	7.77950008E+2	7.85996748E+2	-4.57290244E-10	0.00000000E+0	0.00000000E+0	0.00000000E+0	0.00000000E+0	0.00000000E+0
2.92000000E+2	2.91000000E-6	7.77950008E+2	7.85996750E+2	-4.63612325E-10	0.00000000E+0	0.00000000E+0	0.00000000E+0	0.00000000E+0	0.00000000E+0
2.93000000E+2	2.92000000E-6	7.77950009E+2	7.85996750E+2	-4.70530969E-10	0.00000000E+0	0.00000000E+0	0.00000000E+0	0.00000000E+0	0.00000000E+0
2.94000000E+2	2.93000000E-6	7.77950008E+2	7.85996750E+2	-4.77225327E-10	0.00000000E+0	0.00000000E+0	0.00000000E+0	0.00000000E+0	0.00000000E+0
2.95000000E+2	2.94000000E-6	7.77950008E+2	7.85996749E+2	-4.90090171E-10	0.00000000E+0	0.00000000E+0	0.00000000E+0	0.00000000E+0	0.00000000E+0
2.96000000E+2	2.95000000E-6	7.77950008E+2	7.85996751E+2	-4.87107935E-10	0.00000000E+0	0.00000000E+0	0.00000000E+0	0.00000000E+0	0.00000000E+0
2.97000000E+2	2.96000000E-6	7.77950008E+2	7.85996750E+2	-4.95449689E-10	0.00000000E+0	0.00000000E+0	0.00000000E+0	0.00000000E+0	0.00000000E+0
2.98000000E+2	2.97000000E-6	7.77950008E+2	7.85996751E+2	-4.90000590E-10	0.00000000E+0	0.00000000E+0	0.00000000E+0	0.00000000E+0	0.00000000E+0
2.99000000E+2	2.98000000E-6	7.77950008E+2	7.85996752E+2	-5.02384661E-10	0.00000000E+0	0.00000000E+0	0.00000000E+0	0.00000000E+0	0.00000000E+0
3.00000000E+2	2.99000000E-6	7.77950009E+2	7.85996749E+2	-4.94962181E-10	0.00000000E+0	0.00000000E+0	0.00000000E+0	0.00000000E+0	0.00000000E+0
3.01000000E+2	3.00000000E-6	7.77950005E+2	7.85996748E+2	-4.96819580E-10	0.00000000E+0	0.00000000E+0	0.00000000E+0	0.00000000E+0	0.00000000E+0
3.02000000E+2	3.01000000E-6	7.77950006E+2	7.85996749E+2	-4.90355023E-10	0.00000000E+0	0.00000000E+0	0.00000000E+0	0.00000000E+0	0.00000000E+0
3.03000000E+2	3.02000000E-6	7.77950008E+2	7.85996748E+2	-4.82099102E-10	0.00000000E+0	0.00000000E+0	0.00000000E+0	0.00000000E+0	0.00000000E+0
3.04000000E+2	3.03000000E-6	7.77950007E+2	7.85996748E+2	-4.78487572E-10	0.00000000E+0	0.00000000E+0	0.00000000E+0	0.00000000E+0	0.00000000E+0
3.05000000E+2	3.04000000E-6	7.77950008E+2	7.85996749E+2	-4.64904086E-10	0.00000000E+0	0.00000000E+0	0.00000000E+0	0.00000000E+0	0.00000000E+0
3.06000000E+2	3.05000000E-6	7.77950008E+2	7.85996748E+2	-4.54393591E-10	0.00000000E+0	0.00000000E+0	0.00000000E+0	0.00000000E+0	0.00000000E+0
3.07000000E+2	3.06000000E-6	7.77950008E+2	7.85996749E+2	-4.51279756E-10	0.00000000E+0	0.00000000E+0	0.00000000E+0	0.00000000E+0	0.00000000E+0
3.08000000E+2	3.07000000E-6	7.77950008E+2	7.85996749E+2	-4.42759859E-10	0.00000000E+0	0.00000000E+0	0.00000000E+0	0.00000000E+0	0.00000000E+0
3.09000000E+2	3.08000000E-6	7.77950007E+2	7.85996749E+2	-4.38946427E-10	0.00000000E+0	0.00000000E+0	0.00000000E+0	0.00000000E+0	0.00000000E+0
3.10000000E+2	3.09000000E-6	7.77950009E+2	7.85996752E+2	-4.32026879E-10	0.00000000E+0	0.00000000E+0	0.00000000E+0	0.00000000E+0	0.00000000E+0
3.11000000E+2	3.10000000E-6	7.77950010E+2	7.85996753E+2	-4.24802124E-10	0.00000000E+0	0.00000000E+0	0.00000000E+0	0.00000000E+0	0.00000000E+0
3.12000000E+2	3.11000000E-6	7.77950008E+2	7.85996748E+2	-4.34143113E-10	0.00000000E+0	0.00000000E+0	0.00000000E+0	0.00000000E+0	0.00000000E+0
3.13000000E+2	3.12000000E-6	7.77950004E+2	7.85996748E+2	-4.21758421E-10	0.00000000E+0	0.00000000E+0	0.00000000E+0	0.00000000E+0	0.00000000E+0
3.14000000E+2	3.13000000E-6	7.77950006E+2	7.85996748E+2	-4.31583237E-10	0.00000000E+0	0.00000000E+0	0.00000000E+0	0.00000000E+0	0.00000000E+0
3.15000000E+2	3.14000000E-6	7.77950006E+2	7.85996750E+2	-4.32712296E-10	0.00000000E+0	0.00000000E+0	0.00000000E+0	0.00000000E+0	0.00000000E+0
3.16000000E+2	3.15000000E-6	7.77950008E+2	7.85996749E+2	-4.29735204E-10	0.00000000E+0	0.00000000E+0	0.00000000E+0	0.00000000E+0	0.00000000E+0
3.17000000E+2	3.16000000E-6	7.77950008E+2	7.85996749E+2	-4.32658956E-10	0.00000000E+0	0.00000000E+0	0.00000000E+0	0.00000000E+0	0.00000000E+0
3.18000000E+2	3.17000000E-6	7.77950007E+2	7.85996749E+2	-4.37533787E-10	0.00000000E+0	0.00000000E+0	0.00000000E+0	0.00000000E+0	0.00000000E+0
3.19000000E+2	3.18000000E-6	7.77950007E+2	7.85996750E+2	-4.06867958E-10	0.00000000E+0	0.00000000E+0	0.00000000E+0	0.00000000E+0	0.00000000E+0
3.20000000E+2	3.19000000E-6	7.77950005E+2	7.85996750E+2	-4.35306422E-10	0.00000000E+0	0.00000000E+0	0.00000000E+0	0.00000000E+0	0.00000000E+0
3.21000000E+2	3.20000000E-6	7.77950008E+2	7.85996749E+2	-4.41507211E-10	0.00000000E+0	0.00000000E+0	0.00000000E+0	0.00000000E+0	0.00000000E+0
3.22000000E+2	3.21000000E-6	7.77950008E+2	7.85996751E+2	-4.38734133E-10	0.00000000E+0	0.00000000E+0	0.00000000E+0	0.00000000E+0	0.00000000E+0
3.23000000E+2	3.22000000E-6	7.77950009E+2	7.85996752E+2	-4.58320301E-10	0.00000000E+0	0.00000000E+0	0.00000000E+0	0.00000000E+0	0.00000000E+0
3.24000000E+2	3.23000000E-6	7.77950009E+2	7.85996752E+2	-4.58204717E-10	0.00000000E+0	0.00000000E+0	0.00000000E+0	0.00000000E+0	0.00000000E+0
3.25000000E+2	3.24000000E-6	7.77950012E+2	7.85996753E+2	-4.76177294E-10	0.00000000E+0	0.00000000E+0	0.00000000E+0	0.00000000E+0	0.00000000E+0
3.26000000E+2	3.25000000E-6	7.77950012E+2	7.85996753E+2	-4.66578970E-10	0.00000000E+0	0.00000000E+0	0.00000000E+0	0.00000000E+0	0.00000000E+0
3.27000000E+2	3.26000000E-6	7.77950009E+2	7.85996753E+2	-4.77823257E-10	0.00000000E+0	0.00000000E+0	0.00000000E+0	0.00000000E+0	0.00000000E+0
3.28000000E+2	3.27000000E-6	7.77950009E+2	7.85996749E+2	-4.83269540E-10	0.00000000E+0	0.00000000E+0	0.00000000E+0	0.00000000E+0	0.00000000E+0
3.29000000E+2	3.28000000E-6	7.77950009E+2	7.85996748E+2	-4.81862522E-10	0.00000000E+0	0.00000000E+0	0.00000000E+0	0.00000000E+0	0.00000000E+0
3.30000000E+2	3.29000000E-6	7.77950005E+2	7.85996749E+2	-4.91287600E-10	0.00000000E+0	0.00000000E+0	0.00000000E+0	0.00000000E+0	0.00000000E+0
3.31000000E+2	3.30000000E-6	7.77950005E+2	7.85996746E+2	-4.88754338E-10	0.00000000E+0	0.00000000E+0	0.00000000E+0	0.00000000E+0	0.00000000E+0
3.32000000E+2	3.31000000E-6	7.77950004E+2	7.85996746E+2	-4.90103752E-10	0.00000000E+0	0.00000000E+0	0.00000000E+0	0.00000000E+0	0.00000000E+0
3.33000000E+2	3.32000000E-6	7.77950006E+2	7.85996745E+2	-4.94790914E-10	0.00000000E+0	0.00000000E+0	0.00000000E+0	0.00000000E+0	0.00000000E+0
3.34000000E+2	3.33000000E-6	7.77950007E+2	7.85996746E+2	-4.85900990E-10	0.00000000E+0	0.00000000E+0	0.00000000E+0	0.00000000E+0	0.00000000E+0
3.35000000E+2	3.34000000E-6	7.77950006E+2	7.85996749E+2	-4.93306256E-10	0.00000000E+0	0.00000000E+0	0.00000000E+0	0.00000000E+0	0.00000000E+0
3.36000000E+2	3.35000000E-6	7.77950007E+2	7.85996750E+2	-4.81679686E-10	0.00000000E+0	0.00000000E+0	0.00000000E+0	0.00000000E+0	0.00000000E+0
3.37000000E+2	3.36000000E-6	7.77950008E+2	7.85996750E+2	-4.73147716E-10	0.00000000E+0	0.00000000E+0	0.00000000E+0	0.00000000E+0	0.00000000E+0
3.38000000E+2	3.37000000E-6	7.77950008E+2	7.85996751E+2	-4.75435468E-10	0.00000000E+0	0.00000000E+0	0.00000000E+0	0.00000000E+0	0.00000000E+0
3.39000000E+2	3.38000000E-6	7.77950008E+2	7.85996750E+2	-4.63720834E-10	0.00000000E+0	0.00000000E+0	0.00000000E+0	0.00000000E+0	0.00000000E+0
3.40000000E+2	3.39000000E-6	7.77950008E+2	7.85996750E+2	-4.59967651E-10	0.00000000E+0	0.00000000E+0	0.00000000E+0	0.00000000E+0	0.00000000E+0
3.41000000E+2	3.40000000E-6	7.77950009E+2	7.85996751E+2	-4.49467876E-10	0.00000000E+0	0.00000000E+0	0.00000000E+0	0.00000000E+0	0.00000000E+0
3.42000000E+2	3.41000000E-6	7.77950008E+2	7.85996751E+2	-4.35747484E-10	0.00000000E+0	0.00000000E+0	0.00000000E+0	0.00000000E+0	0.00000000E+0
3.43000000E+2	3.42000000E-6	7.77950009E+2	7.85996752E+2	-4.46430720E-10	0.00000000E+0	0.00000000E+0	0.00000000E+0	0.00000000E+0	0.00000000E+0
3.44000000E+2	3.43000000E-6	7.77950008E+2	7.85996752E+2	-4.39345159E-10	0.00000000E+0	0.00000000E+0	0.00000000E+0	0.00000000E+0	0.00000000E+0
3.45000000E+2	3.44000000E-6	7.77950006E+2	7.85996749E+2	-4.48000450E-10	0.00000000E+0	0.00000000E+0	0.00000000E+0	0.00000000E+0	0.00000000E+0
3.46000000E+2	3.45000000E-6	7.77950006E+2	7.85996750E+2	-4.36478807E-10	0.00000000E+0	0.00000000E+0	0.00000000E+0	0.00000000E+0	0.00000000E+0
3.47000000E+2	3.46000000E-6	7.77950007E+2	7.85996750E+2	-4.44955938E-10	0.00000000E+0	0.00000000E+0	0.00000000E+0	0.00000000E+0	0.00000000E+0
3.48000000E+2	3.47000000E-6	7.77950008E+2	7.85996751E+2	-4.44147904E-10	0.00000000E+0	0.00000000E+0	0.00000000E+0	0.00000000E+0	0.00000000E+0
3.49000000E+2	3.48000000E-6	7.77950007E+2	7.85996752E+2	-4.28295755E-10	0.00000000E+0	0.00000000E+0	0.00000000E+0	0.00000000E+0	0.00000000E+0
3.50000000E+2	3.49000000E-6	7.77950006E+2	7.85996749E+2	-4.43194280E-10	0.00000000E+0	0.00000000E+0	0.00000000E+0	0.00000000E+0	0.00000000E+0
3.51000000E+2	3.50000000E-6	7.77950008E+2	7.85996750E+2	-4.36768210E-10	0.00000000E+0	0.00000000E+0	0.00000000E+0	0.00000000E+0	0.00000000E+0
3.52000000E+2	3.51000000E-6	7.77950008E+2	7.85996750E+2	-4.43241342E-10	0.00000000E+0	0.00000000E+0	0.00000000E+0	0.00000000E+0	0.00000000E+0
3.53000000E+2	3.52000000E-6	7.77950008E+2	7.85996750E+2	-4.45702134E-10	0.00000000E+0	0.00000000E+0	0.00000000E+0	0.00000000E+0	0.00000000E+0
3.54000000E+2	3.53000000E-6	7.77950007E+2	7.85996748E+2	-4.56325050E-10	0.00000000E+0	0.00000000E+0	0.00000000E+0	0.00000000E+0	0.00000000E+0
3.55000000E+2	3.54000000E-6	7.77950009E+2	7.85996750E+2	-4.55589609E-10	0.00000000E+0	0.00000000E+0	0.00000000E+0	0.00000000E+0	0.00000000E+0
3.56000000E+2	3.55000000E-6	7.77950006E+2	7.85996752E+2	-4.71265999E-10	0.00000000E+0	0.00000000E+0	0.00000000E+0	0.00000000E+0	0.00000000E+0
3.57000000E+2	3.56000000E-6	7.77950008E+2	7.85996751E+2	-4.76256542E-10	0.00000000E+0	0.00000000E+0	0.00000000E+0	0.00000000E+0	0.00000000E+0
3.58000000E+2	3.57000000E-6	7.77950006E+2	7.85996749E+2	-4.77886011E-10	0.00000000E+0	0.00000000E+0	0.00000000E+0	0.00000000E+0	0.00000000E+0
3.59000000E+2	3.58000000E-6	7.77950007E+2	7.85996751E+2	-4.91547428E-10	0.00000000E+0	0.00000000E+0	0.00000000E+0	0.00000000E+0	0.00000000E+0
3.60000000E+2	3.59000000E-6	7.77950007E+2	7.85996751E+2	-4.87429258E-10	0.00000000E+0	0.00000000E+0	0.00000000E+0	0.00000000E+0	0.00000000E+0
3.61000000E+2	3.60000000E-6	7.77950007E+2	7.85996750E+2	-5.02479674E-10	0.00000000E+0	0.00000000E+0	0.00000000E+0	0.00000000E+0	0.00000000E+0
3.62000000E+2	3.61000000E-6	7.77950008E+2	7.85996751E+2	-4.98161521E-10	0.00000000E+0	0.00000000E+0	0.00000000E+0	0.00000000E+0	0.00000000E+0
3.63000000E+2	3.62000000E-6	7.77950011E+2	7.85996753E+2	-5.00106769E-10	0.00000000E+0	0.00000000E+0	0.00000000E+0	0.00000000E+0	0.00000000E+0
3.64000000E+2	3.63000000E-6	7.77950010E+2	7.85996754E+2	-4.89199511E-10	0.00000000E+0	0.00000000E+0	0.00000000E+0	0.00000000E+0	0.00000000E+0
3.65000000E+2	3.64000000E-6	7.77950008E+2	7.85996752E+2	-4.96181008E-10	0.00000000E+0	0.00000000E+0	0.00000000E+0	0.00000000E+0	0.00000000E+0
3.66000000E+2	3.65000000E-6	7.77950008E+2	7.85996751E+2	-4.88524253E-10	0.00000000E+0	0.00000000E+0	0.00000000E+0	0.00000000E+0	0.00000000E+0
3.67000000E+2	3.66000000E-6	7.77950009E+2	7.85996749E+2	-4.87406831E-10	0.00000000E+0	0.00000000E+0	0.00000000E+0	0.00000000E+0	0.00000000E+0
3.68000000E+2	3.67000000E-6	7.77950007E+2	7.85996750E+2	-4.86742220E-10	0.00000000E+0	0.00000000E+0	0.00000000E+0	0.00000000E+0	0.00000000E+0
3.69000000E+2	3.68000000E-6	7.77950009E+2	7.85996749E+2	-4.79933689E-10	0.00000000E+0	0.00000000E+0	0.00000000E+0	0.00000000E+0	0.00000000E+0
3.70000000E+2	3.69000000E-6	7.77950010E+2	7.85996749E+2	-4.69994824E-10	0.00000000E+0	0.00000000E+0	0.00000000E+0	0.00000000E+0	0.00000000E+0
3.71000000E+2	3.70000000E-6	7.77950009E+2	7.85996750E+2	-4.69173759E-10	0.00000000E+0	0.00000000E+0	0.00000000E+0	0.00000000E+0	0.00000000E+0
3.72000000E+2	3.71000000E-6	7.77950010E+2	7.85996751E+2	-4.50202673E-10	0.00000000E+0	0.00000000E+0	0.00000000E+0	0.00000000E+0	0.00000000E+0
3.73000000E+2	3.72000000E-6	7.77950009E+2	7.85996750E+2	-4.56707372E-10	0.00000000E+0	0.00000000E+0	0.00000000E+0	0.00000000E+0	0.00000000E+0
3.74000000E+2	3.73000000E-6	7.77950010E+2	7.85996752E+2	-4.59602507E-10	0.00000000E+0	0.00000000E+0	0.00000000E+0	0.00000000E+0	0.00000000E+0
3.75000000E+2	3.74000000E-6	7.77950011E+2	7.85996752E+2	-4.49632741E-10	0.00000000E+0	0.00000000E+0	0.00000000E+0	0.00000000E+0	0.00000000E+0
3.76000000E+2	3.75000000E-6	7.77950009E+2	7.85996752E+2	-4.38769204E-10	0.00000000E+0	0.00000000E+0	0.00000000E+0	0.00000000E+0	0.00000000E+0
3.77000000E+2	3.76000000E-6	7.77950009E+2	7.85996750E+2	-4.39738431E-10	0.00000000E+0	0.00000000E+0	0.00000000E+0	0.00000000E+0	0.00000000E+0
3.78000000E+2	3.77000000E-6	7.77950007E+2	7.85996750E+2	-4.42386790E-10	0.00000000E+0	0.00000000E+0	0.00000000E+0	0.00000000E+0	0.00000000E+0
3.79000000E+2	3.78000000E-6	7.77950008E+2	7.85996751E+2	-4.42910589E-10	0.00000000E+0	0.00000000E+0	0.00000000E+0	0.00000000E+0	0.00000000E+0
3.80000000E+2	3.79000000E-6	7.77950008E+2	7.85996750E+2	-4.42635265E-10	0.00000000E+0	0.00000000E+0	0.00000000E+0	0.00000000E+0	0.00000000E+0
3.81000000E+2	3.80000000E-6	7.77950009E+2	7.85996749E+2	-4.46914237E-10	0.00000000E+0	0.00000000E+0	0.00000000E+0	0.00000000E+0	0.00000000E+0
3.82000000E+2	3.81000000E-6	7.77950007E+2	7.85996748E+2	-4.41507437E-10	0.00000000E+0	0.00000000E+0	0.00000000E+0	0.00000000E+0	0.00000000E+0
3.83000000E+2	3.82000000E-6	7.77950006E+2	7.85996749E+2	-4.50041804E-10	0.00000000E+0	0.00000000E+0	0.00000000E+0	0.00000000E+0	0.00000000E+0
3.84000000E+2	3.83000000E-6	7.77950007E+2	7.85996749E+2	-4.33770665E-10	0.00000000E+0	0.00000000E+0	0.00000000E+0	0.00000000E+0	0.00000000E+0
3.85000000E+2	3.84000000E-6	7.77950006E+2	7.85996749E+2	-4.58940557E-10	0.00000000E+0	0.00000000E+0	0.00000000E+0	0.00000000E+0	0.00000000E+0
3.86000000E+2	3.85000000E-6	7.77950007E+2	7.85996749E+2	-4.66798124E-10	0.00000000E+0	0.00000000E+0	0.00000000E+0	0.00000000E+0	0.00000000E+0
3.87000000E+2	3.86000000E-6	7.77950007E+2	7.85996751E+2	-4.83323317E-10	0.00000000E+0	0.00000000E+0	0.00000000E+0	0.00000000E+0	0.00000000E+0
3.88000000E+2	3.87000000E-6	7.77950009E+2	7.85996752E+2	-4.71549238E-10	0.00000000E+0	0.00000000E+0	0.00000000E+0	0.00000000E+0	0.00000000E+0
3.89000000E+2	3.88000000E-6	7.77950009E+2	7.85996752E+2	-4.75378013E-10	0.00000000E+0	0.00000000E+0	0.00000000E+0	0.00000000E+0	0.00000000E+0
3.90000000E+2	3.89000000E-6	7.77950009E+2	7.85996750E+2	-4.81231899E-10	0.00000000E+0	0.00000000E+0	0.00000000E+0	0.00000000E+0	0.00000000E+0
3.91000000E+2	3.90000000E-6	7.77950006E+2	7.85996748E+2	-4.82090696E-10	0.00000000E+0	0.00000000E+0	0.00000000E+0	0.00000000E+0	0.00000000E+0
3.92000000E+2	3.91000000E-6	7.77950008E+2	7.85996748E+2	-4.88104354E-10	0.00000000E+0	0.00000000E+0	0.00000000E+0	0.00000000E+0	0.00000000E+0
3.93000000E+2	3.92000000E-6	7.77950007E+2	7.85996749E+2	-4.97747616E-10	0.00000000E+0	0.00000000E+0	0.00000000E+0	0.00000000E+0	0.00000000E+0
3.94000000E+2	3.93000000E-6	7.77950008E+2	7.85996749E+2	-4.91904336E-10	0.00000000E+0	0.00000000E+0	0.00000000E+0	0.00000000E+0	0.00000000E+0
3.95000000E+2	3.94000000E-6	7.77950007E+2	7.85996750E+2	-4.91458112E-10	0.00000000E+0	0.00000000E+0	0.00000000E+0	0.00000000E+0	0.00000000E+0
3.96000000E+2	3.95000000E-6	7.77950009E+2	7.85996748E+2	-4.93496422E-10	0.00000000E+0	0.00000000E+0	0.00000000E+0	0.00000000E+0	0.00000000E+0
3.97000000E+2	3.96000000E-6	7.77950007E+2	7.85996751E+2	-4.91012922E-10	0.00000000E+0	0.00000000E+0	0.00000000E+0	0.00000000E+0	0.00000000E+0
3.98000000E+2	3.97000000E-6	7.77950007E+2	7.85996750E+2	-4.77742725E-10	0.00000000E+0	0.00000000E+0	0.00000000E+0	0.00000000E+0	0.00000000E+0
3.99000000E+2	3.98000000E-6	7.77950008E+2	7.85996750E+2	-4.76564887E-10	0.00000000E+0	0.00000000E+0	0.00000000E+0	0.00000000E+0	0.00000000E+0
4.00000000E+2	3.99000000E-6	7.77950009E+2	7.85996750E+2	-4.74776654E-10	0.00000000E+0	0.00000000E+0	0.00000000E+0	0.00000000E+0	0.00000000E+0
4.01000000E+2	4.00000000E-6	7.77950009E+2	7.85996751E+2	-4.77090311E-10	0.00000000E+0	0.00000000E+0	0.00000000E+0	0.00000000E+0	0.00000000E+0
4.02000000E+2	4.01000000E-6	7.77950006E+2	7.85996750E+2	-4.82950808E-10	0.00000000E+0	0.00000000E+0	0.00000000E+0	0.00000000E+0	0.00000000E+0
4.03000000E+2	4.02000000E-6	7.77950006E+2	7.85996749E+2	-4.73917921E-10	0.00000000E+0	0.00000000E+0	0.00000000E+0	0.00000000E+0	0.00000000E+0
4.04000000E+2	4.03000000E-6	7.77950008E+2	7.85996749E+2	-4.63633555E-10	0.00000000E+0	0.00000000E+0	0.00000000E+0	0.00000000E+0	0.00000000E+0
4.05000000E+2	4.04000000E-6	7.77950008E+2	7.85996750E+2	-4.68083873E-10	0.00000000E+0	0.00000000E+0	0.00000000E+0	0.00000000E+0	0.00000000E+0
4.06000000E+2	4.05000000E-6	7.77950007E+2	7.85996750E+2	-4.57647952E-10	0.00000000E+0	0.00000000E+0	0.00000000E+0	0.00000000E+0	0.00000000E+0
4.07000000E+2	4.06000000E-6	7.77950008E+2	7.85996750E+2	-4.62646316E-10	0.00000000E+0	0.00000000E+0	0.00000000E+0	0.00000000E+0	0.00000000E+0
4.08000000E+2	4.07000000E-6	7.77950008E+2	7.85996749E+2	-4.57327552E-10	0.00000000E+0	0.00000000E+0	0.00000000E+0	0.00000000E+0	0.00000000E+0
4.09000000E+2	4.08000000E-6	7.77950008E+2	7.85996749E+2	-4.55360153E-10	0.00000000E+0	0.00000000E+0	0.00000000E+0	0.00000000E+0	0.00000000E+0
4.10000000E+2	4.09000000E-6	7.77950009E+2	7.85996750E+2	-4.58051525E-10	0.00000000E+0	0.00000000E+0	0.00000000E+0	0.00000000E+0	0.00000000E+0
4.11000000E+2	4.10000000E-6	7.77950009E+2	7.85996750E+2	-4.57826300E-10	0.00000000E+0	0.00000000E+0	0.00000000E+0	0.00000000E+0	0.00000000E+0
4.12000000E+2	4.11000000E-6	7.77950009E+2	7.85996752E+2	-4.48927991E-10	0.00000000E+0	0.00000000E+0	0.00000000E+0	0.00000000E+0	0.00000000E+0
4.13000000E+2	4.12000000E-6	7.77950010E+2	7.85996751E+2	-4.62119724E-10	0.00000000E+0	0.00000000E+0	0.00000000E+0	0.00000000E+0	0.00000000E+0
4.14000000E+2	4.13000000E-6	7.77950008E+2	7.85996752E+2	-4.56172193E-10	0.00000000E+0	0.00000000E+0	0.00000000E+0	0.00000000E+0	0.00000000E+0
4.15000000E+2	4.14000000E-6	7.77950007E+2	7.85996752E+2	-4.70217091E-10	0.00000000E+0	0.00000000E+0	0.00000000E+0	0.00000000E+0	0.00000000E+0
4.16000000E+2	4.15000000E-6	7.77950010E+2	7.85996753E+2	-4.68259024E-10	0.00000000E+0	0.00000000E+0	0.00000000E+0	0.00000000E+0	0.00000000E+0
4.17000000E+2	4.16000000E-6	7.77950009E+2	7.85996751E+2	-4.72093856E-10	0.00000000E+0	0.00000000E+0	0.00000000E+0	0.00000000E+0	0.00000000E+0
4.18000000E+2	4.17000000E-6	7.77950009E+2	7.85996751E+2	-4.88258513E-10	0.00000000E+0	0.00000000E+0	0.00000000E+0	0.00000000E+0	0.00000000E+0
4.19000000E+2	4.18000000E-6	7.77950008E+2	7.85996749E+2	-4.87707294E-10	0.00000000E+0	0.00000000E+0	0.00000000E+0	0.00000000E+0	0.00000000E+0
4.20000000E+2	4.19000000E-6	7.77950008E+2	7.85996750E+2	-4.76621912E-10	0.00000000E+0	0.00000000E+0	0.00000000E+0	0.00000000E+0	0.00000000E+0
4.21000000E+2	4.20000000E-6	7.77950008E+2	7.85996751E+2	-4.79257643E-10	0.00000000E+0	0.00000000E+0	0.00000000E+0	0.00000000E+0	0.00000000E+0
4.22000000E+2	4.21000000E-6	7.77950009E+2	7.85996751E+2	-4.86044368E-10	0.00000000E+0	0.00000000E+0	0.00000000E+0	0.00000000E+0	0.00000000E+0
4.23000000E+2	4.22000000E-6	7.77950009E+2	7.85996751E+2	-4.80161553E-10	0.00000000E+0	0.00000000E+0	0.00000000E+0	0.00000000E+0	0.00000000E+0
4.24000000E+2	4.23000000E-6	7.77950007E+2	7.85996750E+2	-4.93546862E-10	0.00000000E+0	0.00000000E+0	0.00000000E+0	0.00000000E+0	0.00000000E+0
4.25000000E+2	4.24000000E-6	7.77950009E+2	7.85996751E+2	-4.84709775E-10	0.00000000E+0	0.00000000E+0	0.00000000E+0	0.00000000E+0	0.00000000E+0
4.26000000E+2	4.25000000E-6	7.77950009E+2	7.85996750E+2	-4.87745384E-10	0.00000000E+0	0.00000000E+0	0.00000000E+0	0.00000000E+0	0.00000000E+0
4.27000000E+2	4.26000000E-6	7.77950013E+2	7.85996752E+2	-4.93003598E-10	0.00000000E+0	0.00000000E+0	0.00000000E+0	0.00000000E+0	0.00000000E+0
4.28000000E+2	4.27000000E-6	7.77950011E+2	7.85996753E+2	-4.90900348E-10	0.00000000E+0	0.00000000E+0	0.00000000E+0	0.00000000E+0	0.00000000E+0
4.29000000E+2	4.28000000E-6	7.77950009E+2	7.85996751E+2	-4.93681427E-10	0.00000000E+0	0.00000000E+0	0.00000000E+0	0.00000000E+0	0.00000000E+0
4.30000000E+2	4.29000000E-6	7.77950009E+2	7.85996750E+2	-4.86141080E-10	0.00000000E+0	0.00000000E+0	0.00000000E+0	0.00000000E+0	0.00000000E+0
4.31000000E+2	4.30000000E-6	7.77950009E+2	7.85996751E+2	-4.76934682E-10	0.00000000E+0	0.00000000E+0	0.00000000E+0	0.00000000E+0	0.00000000E+0
4.32000000E+2	4.31000000E-6	7.77950009E+2	7.85996750E+2	-4.84968290E-10	0.00000000E+0	0.00000000E+0	0.00000000E+0	0.00000000E+0	0.00000000E+0
4.33000000E+2	4.32000000E-6	7.77950008E+2	7.85996753E+2	-4.85629513E-10	0.00000000E+0	0.00000000E+0	0.00000000E+0	0.00000000E+0	0.00000000E+0
4.34000000E+2	4.33000000E-6	7.77950008E+2	7.85996752E+2	-4.79240654E-10	0.00000000E+0	0.00000000E+0	0.00000000E+0	0.00000000E+0	0.00000000E+0
4.35000000E+2	4.34000000E-6	7.77950008E+2	7.85996749E+2	-4.71393455E-10	0.00000000E+0	0.00000000E+0	0.00000000E+0	0.00000000E+0	0.00000000E+0
4.36000000E+2	4.35000000E-6	7.77950007E+2	7.85996750E+2	-4.72766527E-10	0.00000000E+0	0.00000000E+0	0.00000000E+0	0.00000000E+0	0.00000000E+0
4.37000000E+2	4.36000000E-6	7.77950008E+2	7.85996750E+2	-4.71475572E-10	0.00000000E+0	0.00000000E+0	0.00000000E+0	0.00000000E+0	0.00000000E+0
4.38000000E+2	4.37000000E-6	7.77950008E+2	7.85996750E+2	-4.73141805E-10	0.00000000E+0	0.00000000E+0	0.00000000E+0	0.00000000E+0	0.00000000E+0
4.39000000E+2	4.38000000E-6	7.77950008E+2	7.85996749E+2	-4.66031316E-10	0.00000000E+0	0.00000000E+0	0.00000000E+0	0.00000000E+0	0.00000000E+0
4.40000000E+2	4.39000000E-6	7.77950008E+2	7.85996751E+2	-4.67010115E-10	0.00000000E+0	0.00000000E+0	0.00000000E+0	0.00000000E+0	0.00000000E+0
4.41000000E+2	4.40000000E-6	7.77950009E+2	7.85996750E+2	-4.65037130E-10	0.00000000E+0	0.00000000E+0	0.00000000E+0	0.00000000E+0	0.00000000E+0
4.42000000E+2	4.41000000E-6	7.77950009E+2	7.85996750E+2	-4.58827587E-10	0.00000000E+0	0.00000000E+0	0.00000000E+0	0.00000000E+0	0.00000000E+0
4.43000000E+2	4.42000000E-6	7.77950009E+2	7.85996751E+2	-4.65755561E-10	0.00000000E+0	0.00000000E+0	0.00000000E+0	0.00000000E+0	0.00000000E+0
4.44000000E+2	4.43000000E-6	7.77950009E+2	7.85996751E+2	-4.59120923E-10	0.00000000E+0	0.00000000E+0	0.00000000E+0	0.00000000E+0	0.00000000E+0
4.45000000E+2	4.44000000E-6	7.77950009E+2	7.85996752E+2	-4.53971395E-10	0.00000000E+0	0.00000000E+0	0.00000000E+0	0.00000000E+0	0.00000000E+0
4.46000000E+2	4.45000000E-6	7.77950009E+2	7.85996750E+2	-4.61975239E-10	0.00000000E+0	0.00000000E+0	0.00000000E+0	0.00000000E+0	0.00000000E+0
4.47000000E+2	4.46000000E-6	7.77950009E+2	7.85996752E+2	-4.67793423E-10	0.00000000E+0	0.00000000E+0	0.00000000E+0	0.00000000E+0	0.00000000E+0
4.48000000E+2	4.47000000E-6	7.77950008E+2	7.85996749E+2	-4.65144433E-10	0.00000000E+0	0.00000000E+0	0.00000000E+0	0.00000000E+0	0.00000000E+0
4.49000000E+2	4.48000000E-6	7.77950009E+2	7.85996750E+2	-4.65397531E-10	0.00000000E+0	0.00000000E+0	0.00000000E+0	0.00000000E+0	0.00000000E+0
4.50000000E+2	4.49000000E-6	7.77950008E+2	7.85996752E+2	-4.79517137E-10	0.00000000E+0	0.00000000E+0	0.00000000E+0	0.00000000E+0	0.00000000E+0
4.51000000E+2	4.50000000E-6	7.77950008E+2	7.85996750E+2	-4.75924987E-10	0.00000000E+0	0.00000000E+0	0.00000000E+0	0.00000000E+0	0.00000000E+0
4.52000000E+2	4.51000000E-6	7.77950007E+2	7.85996751E+2	-4.67464162E-10	0.00000000E+0	0.00000000E+0	0.00000000E+0	0.00000000E+0	0.00000000E+0
4.53000000E+2	4.52000000E-6	7.77950007E+2	7.85996751E+2	-4.76123794E-10	0.00000000E+0	0.00000000E+0	0.00000000E+0	0.00000000E+0	0.00000000E+0
4.54000000E+2	4.53000000E-6	7.77950008E+2	7.85996749E+2	-4.79127485E-10	0.00000000E+0	0.00000000E+0	0.00000000E+0	0.00000000E+0	0.00000000E+0
4.55000000E+2	4.54000000E-6	7.77950008E+2	7.85996750E+2	-4.87629675E-10	0.00000000E+0	0.00000000E+0	0.00000000E+0	0.00000000E+0	0.00000000E+0
4.56000000E+2	4.55000000E-6	7.77950008E+2	7.85996750E+2	-4.73958756E-10	0.00000000E+0	0.00000000E+0	0.00000000E+0	0.00000000E+0	0.00000000E+0
4.57000000E+2	4.56000000E-6	7.77950008E+2	7.85996750E+2	-4.85478349E-10	0.00000000E+0	0.00000000E+0	0.00000000E+0	0.00000000E+0	0.00000000E+0
4.58000000E+2	4.57000000E-6	7.77950009E+2	7.85996750E+2	-4.96283133E-10	0.00000000E+0	0.00000000E+0	0.00000000E+0	0.00000000E+0	0.00000000E+0
4.59000000E+2	4.58000000E-6	7.77950012E+2	7.85996753E+2	-4.84718208E-10	0.00000000E+0	0.00000000E+0	0.00000000E+0	0.00000000E+0	0.00000000E+0
4.60000000E+2	4.59000000E-6	7.77950011E+2	7.85996752E+2	-4.88725308E-10	0.00000000E+0	0.00000000E+0	0.00000000E+0	0.00000000E+0	0.00000000E+0
4.61000000E+2	4.60000000E-6	7.77950007E+2	7.85996749E+2	-4.84659820E-10	0.00000000E+0	0.00000000E+0	0.00000000E+0	0.00000000E+0	0.00000000E+0
4.62000000E+2	4.61000000E-6	7.77950007E+2	7.85996749E+2	-4.88729663E-10	0.00000000E+0	0.00000000E+0	0.00000000E+0	0.00000000E+0	0.00000000E+0
4.63000000E+2	4.62000000E-6	7.77950006E+2	7.85996748E+2	-4.80604673E-10	0.00000000E+0	0.00000000E+0	0.00000000E+0	0.00000000E+0	0.00000000E+0
4.64000000E+2	4.63000000E-6	7.77950005E+2	7.85996749E+2	-4.75115305E-10	0.00000000E+0	0.00000000E+0	0.00000000E+0	0.00000000E+0	0.00000000E+0
4.65000000E+2	4.64000000E-6	7.77950006E+2	7.85996751E+2	-4.81826166E-10	0.00000000E+0	0.00000000E+0	0.00000000E+0	0.00000000E+0	0.00000000E+0
4.66000000E+2	4.65000000E-6	7.77950009E+2	7.85996751E+2	-4.82176648E-10	0.00000000E+0	0.00000000E+0	0.00000000E+0	0.00000000E+0	0.00000000E+0
4.67000000E+2	4.66000000E-6	7.77950009E+2	7.85996750E+2	-4.77414541E-10	0.00000000E+0	0.00000000E+0	0.00000000E+0	0.00000000E+0	0.00000000E+0
4.68000000E+2	4.67000000E-6	7.77950009E+2	7.85996750E+2	-4.57264654E-10	0.00000000E+0	0.00000000E+0	0.00000000E+0	0.00000000E+0	0.00000000E+0
4.69000000E+2	4.68000000E-6	7.77950010E+2	7.85996749E+2	-4.65532110E-10	0.00000000E+0	0.00000000E+0	0.00000000E+0	0.00000000E+0	0.00000000E+0
4.70000000E+2	4.69000000E-6	7.77950008E+2	7.85996749E+2	-4.62184264E-10	0.00000000E+0	0.00000000E+0	0.00000000E+0	0.00000000E+0	0.00000000E+0
4.71000000E+2	4.70000000E-6	7.77950009E+2	7.85996750E+2	-4.60988915E-10	0.00000000E+0	0.00000000E+0	0.00000000E+0	0.00000000E+0	0.00000000E+0
4.72000000E+2	4.71000000E-6	7.77950008E+2	7.85996750E+2	-4.60211625E-10	0.00000000E+0	0.00000000E+0	0.00000000E+0	0.00000000E+0	0.00000000E+0
4.73000000E+2	4.72000000E-6	7.77950008E+2	7.85996750E+2	-4.62866284E-10	0.00000000E+0	0.00000000E+0	0.00000000E+0	0.00000000E+0	0.00000000E+0
4.74000000E+2	4.73000000E-6	7.77950010E+2	7.85996752E+2	-4.56846181E-10	0.00000000E+0	0.00000000E+0	0.00000000E+0	0.00000000E+0	0.00000000E+0
4.75000000E+2	4.74000000E-6	7.77950010E+2	7.85996752E+2	-4.58064592E-10	0.00000000E+0	0.00000000E+0	0.00000000E+0	0.00000000E+0	0.00000000E+0
4.76000000E+2	4.75000000E-6	7.77950010E+2	7.85996751E+2	-4.60152298E-10	0.00000000E+0	0.00000000E+0	0.00000000E+0	0.00000000E+0	0.00000000E+0
4.77000000E+2	4.76000000E-6	7.77950008E+2	7.85996750E+2	-4.63958165E-10	0.00000000E+0	0.00000000E+0	0.00000000E+0	0.00000000E+0	0.00000000E+0
4.78000000E+2	4.77000000E-6	7.77950009E+2	7.85996750E+2	-4.71248568E-10	0.00000000E+0	0.00000000E+0	0.00000000E+0	0.00000000E+0	0.00000000E+0
4.79000000E+2	4.78000000E-6	7.77950008E+2	7.85996751E+2	-4.67579201E-10	0.00000000E+0	0.00000000E+0	0.00000000E+0	0.00000000E+0	0.00000000E+0
4.80000000E+2	4.79000000E-6	7.77950009E+2	7.85996751E+2	-4.76074736E-10	0.00000000E+0	0.00000000E+0	0.00000000E+0	0.00000000E+0	0.00000000E+0
4.81000000E+2	4.80000000E-6	7.77950008E+2	7.85996751E+2	-4.82680423E-10	0.00000000E+0	0.00000000E+0	0.00000000E+0	0.00000000E+0	0.00000000E+0
4.82000000E+2	4.81000000E-6	7.77950008E+2	7.85996751E+2	-4.84567248E-10	0.00000000E+0	0.00000000E+0	0.00000000E+0	0.00000000E+0	0.00000000E+0
4.83000000E+2	4.82000000E-6	7.77950008E+2	7.85996749E+2	-4.78680211E-10	0.00000000E+0	0.00000000E+0	0.00000000E+0	0.00000000E+0	0.00000000E+0
4.84000000E+2	4.83000000E-6	7.77950007E+2	7.85996749E+2	-4.81409763E-10	0.00000000E+0	0.00000000E+0	0.00000000E+0	0.00000000E+0	0.00000000E+0
4.85000000E+2	4.84000000E-6	7.77950008E+2	7.85996751E+2	-4.79746359E-10	0.00000000E+0	0.00000000E+0	0.00000000E+0	0.00000000E+0	0.00000000E+0
4.86000000E+2	4.85000000E-6	7.77950007E+2	7.85996751E+2	-4.78711762E-10	0.00000000E+0	0.00000000E+0	0.00000000E+0	0.00000000E+0	0.00000000E+0
4.87000000E+2	4.86000000E-6	7.77950007E+2	7.85996751E+2	-4.90080543E-10	0.00000000E+0	0.00000000E+0	0.00000000E+0	0.00000000E+0	0.00000000E+0
4.88000000E+2	4.87000000E-6	7.77950007E+2	7.85996751E+2	-4.78768258E-10	0.00000000E+0	0.00000000E+0	0.00000000E+0	0.00000000E+0	0.00000000E+0
4.89000000E+2	4.88000000E-6	7.77950007E+2	7.85996751E+2	-4.88572126E-10	0.00000000E+0	0.00000000E+0	0.00000000E+0	0.00000000E+0	0.00000000E+0
4.90000000E+2	4.89000000E-6	7.77950009E+2	7.85996750E+2	-4.82109068E-10	0.00000000E+0	0.00000000E+0	0.00000000E+0	0.00000000E+0	0.00000000E+0
4.91000000E+2	4.90000000E-6	7.77950009E+2	7.85996749E+2	-4.83676350E-10	0.00000000E+0	0.00000000E+0	0.00000000E+0	0.00000000E+0	0.00000000E+0
4.92000000E+2	4.91000000E-6	7.77950009E+2	7.85996750E+2	-4.79338719E-10	0.00000000E+0	0.00000000E+0	0.00000000E+0	0.00000000E+0	0.00000000E+0
4.93000000E+2	4.92000000E-6	7.77950009E+2	7.85996748E+2	-4.81059342E-10	0.00000000E+0	0.00000000E+0	0.00000000E+0	0.00000000E+0	0.00000000E+0
4.94000000E+2	4.93000000E-6	7.77950008E+2	7.85996750E+2	-4.87506919E-10	0.00000000E+0	0.00000000E+0	0.00000000E+0	0.00000000E+0	0.00000000E+0
4.95000000E+2	4.94000000E-6	7.77950009E+2	7.85996751E+2	-4.84061964E-10	0.00000000E+0	0.00000000E+0	0.00000000E+0	0.00000000E+0	0.00000000E+0
4.96000000E+2	4.95000000E-6	7.77950009E+2	7.85996750E+2	-4.70526208E-10	0.00000000E+0	0.00000000E+0	0.00000000E+0	0.00000000E+0	0.00000000E+0
4.97000000E+2	4.96000000E-6	7.77950007E+2	7.85996749E+2	-4.74411338E-10	0.00000000E+0	0.00000000E+0	0.00000000E+0	0.00000000E+0	0.00000000E+0
4.98000000E+2	4.97000000E-6	7.77950007E+2	7.85996750E+2	-4.73694588E-10	0.00000000E+0	0.00000000E+0	0.00000000E+0	0.00000000E+0	0.00000000E+0
4.99000000E+2	4.98000000E-6	7.77950007E+2	7.85996751E+2	-4.42703141E-10	0.00000000E+0	0.00000000E+0	0.00000000E+0	0.00000000E+0	0.00000000E+0
5.00000000E+2	4.99000000E-6	7.77950007E+2	7.85996750E+2	-4.52703325E-10	0.00000000E+0	0.00000000E+0	0.00000000E+0	0.00000000E+0	0.00000000E+0
5.01000000E+2	5.00000000E-6	7.77950007E+2	7.85996749E+2	-4.41816731E-10	0.00000000E+0	0.00000000E+0	0.00000000E+0	0.00000000E+0	0.00000000E+0
5.02000000E+2	5.01000000E-6	7.77950007E+2	7.85996750E+2	-4.45517425E-10	0.00000000E+0	0.00000000E+0	0.00000000E+0	0.00000000E+0	0.00000000E+0
5.03000000E+2	5.02000000E-6	7.77950007E+2	7.85996751E+2	-4.46191563E-10	0.00000000E+0	0.00000000E+0	0.00000000E+0	0.00000000E+0	0.00000000E+0
5.04000000E+2	5.03000000E-6	7.77950007E+2	7.85996750E+2	-4.40904352E-10	0.00000000E+0	0.00000000E+0	0.00000000E+0	0.00000000E+0	0.00000000E+0
5.05000000E+2	5.04000000E-6	7.77950007E+2	7.85996750E+2	-4.48663400E-10	0.00000000E+0	0.00000000E+0	0.00000000E+0	0.00000000E+0	0.00000000E+0
5.06000000E+2	5.05000000E-6	7.77950006E+2	7.85996750E+2	-4.42602082E-10	0.00000000E+0	0.00000000E+0	0.00000000E+0	0.00000000E+0	0.00000000E+0
5.07000000E+2	5.06000000E-6	7.77950009E+2	7.85996748E+2	-4.51667991E-10	0.00000000E+0	0.00000000E+0	0.00000000E+0	0.00000000E+0	0.00000000E+0
5.08000000E+2	5.07000000E-6	7.77950010E+2	7.85996748E+2	-4.57386157E-10	0.00000000E+0	0.00000000E+0	0.00000000E+0	0.00000000E+0	0.00000000E+0
5.09000000E+2	5.08000000E-6	7.77950008E+2	7.85996750E+2	-4.51202263E-10	0.00000000E+0	0.00000000E+0	0.00000000E+0	0.00000000E+0	0.00000000E+0
5.10000000E+2	5.09000000E-6	7.77950007E+2	7.85996749E+2	-4.68473505E-10	0.00000000E+0	0.00000000E+0	0.00000000E+0	0.00000000E+0	0.00000000E+0
5.11000000E+2	5.10000000E-6	7.77950009E+2	7.85996748E+2	-4.85610920E-10	0.00000000E+0	0.00000000E+0	0.00000000E+0	0.00000000E+0	0.00000000E+0
5.12000000E+2	5.11000000E-6	7.77950009E+2	7.85996750E+2	-4.69798479E-10	0.00000000E+0	0.00000000E+0	0.00000000E+0	0.00000000E+0	0.00000000E+0
5.13000000E+2	5.12000000E-6	7.77950008E+2	7.85996750E+2	-4.77804472E-10	0.00000000E+0	0.00000000E+0	0.00000000E+0	0.00000000E+0	0.00000000E+0
5.14000000E+2	5.13000000E-6	7.77950007E+2	7.85996750E+2	-4.86079020E-10	0.00000000E+0	0.00000000E+0	0.00000000E+0	0.00000000E+0	0.00000000E+0
5.15000000E+2	5.14000000E-6	7.77950005E+2	7.85996750E+2	-4.85055524E-10	0.00000000E+0	0.00000000E+0	0.00000000E+0	0.00000000E+0	0.00000000E+0
5.16000000E+2	5.15000000E-6	7.77950005E+2	7.85996750E+2	-4.95096861E-10	0.00000000E+0	0.00000000E+0	0.00000000E+0	0.00000000E+0	0.00000000E+0
5.17000000E+2	5.16000000E-6	7.77950006E+2	7.85996750E+2	-4.87525562E-10	0.00000000E+0	0.00000000E+0	0.00000000E+0	0.00000000E+0	0.00000000E+0
5.18000000E+2	5.17000000E-6	7.77950008E+2	7.85996750E+2	-4.92018602E-10	0.00000000E+0	0.00000000E+0	0.00000000E+0	0.00000000E+0	0.00000000E+0
5.19000000E+2	5.18000000E-6	7.77950009E+2	7.85996751E+2	-4.89569912E-10	0.00000000E+0	0.00000000E+0	0.00000000E+0	0.00000000E+0	0.00000000E+0
5.20000000E+2	5.19000000E-6	7.77950008E+2	7.85996750E+2	-4.85756287E-10	0.00000000E+0	0.00000000E+0	0.00000000E+0	0.00000000E+0	0.00000000E+0
5.21000000E+2	5.20000000E-6	7.77950006E+2	7.85996749E+2	-4.79155205E-10	0.00000000E+0	0.00000000E+0	0.00000000E+0	0.00000000E+0	0.00000000E+0
5.22000000E+2	5.21000000E-6	7.77950008E+2	7.85996748E+2	-4.86489147E-10	0.00000000E+0	0.00000000E+0	0.00000000E+0	0.00000000E+0	0.00000000E+0
5.23000000E+2	5.22000000E-6	7.77950007E+2	7.85996750E+2	-4.86106575E-10	0.00000000E+0	0.00000000E+0	0.00000000E+0	0.00000000E+0	0.00000000E+0
5.24000000E+2	5.23000000E-6	7.77950008E+2	7.85996749E+2	-4.89905519E-10	0.00000000E+0	0.00000000E+0	0.00000000E+0	0.00000000E+0	0.00000000E+0
5.25000000E+2	5.24000000E-6	7.77950007E+2	7.85996749E+2	-4.85654795E-10	0.00000000E+0	0.00000000E+0	0.00000000E+0	0.00000000E+0	0.00000000E+0
5.26000000E+2	5.25000000E-6	7.77950008E+2	7.85996750E+2	-4.88477037E-10	0.00000000E+0	0.00000000E+0	0.00000000E+0	0.00000000E+0	0.00000000E+0
5.27000000E+2	5.26000000E-6	7.77950008E+2	7.85996750E+2	-4.85575825E-10	0.00000000E+0	0.00000000E+0	0.00000000E+0	0.00000000E+0	0.00000000E+0
5.28000000E+2	5.27000000E-6	7.77950008E+2	7.85996751E+2	-4.78294477E-10	0.00000000E+0	0.00000000E+0	0.00000000E+0	0.00000000E+0	0.00000000E+0
5.29000000E+2	5.28000000E-6	7.77950008E+2	7.85996752E+2	-4.78258166E-10	0.00000000E+0	0.00000000E+0	0.00000000E+0	0.00000000E+0	0.00000000E+0
5.30000000E+2	5.29000000E-6	7.77950008E+2	7.85996752E+2	-4.68646872E-10	0.00000000E+0	0.00000000E+0	0.00000000E+0	0.00000000E+0	0.00000000E+0
5.31000000E+2	5.30000000E-6	7.77950007E+2	7.85996751E+2	-4.74934498E-10	0.00000000E+0	0.00000000E+0	0.00000000E+0	0.00000000E+0	0.00000000E+0
5.32000000E+2	5.31000000E-6	7.77950007E+2	7.85996751E+2	-4.60585158E-10	0.00000000E+0	0.00000000E+0	0.00000000E+0	0.00000000E+0	0.00000000E+0
5.33000000E+2	5.32000000E-6	7.77950007E+2	7.85996749E+2	-4.74821953E-10	0.00000000E+0	0.00000000E+0	0.00000000E+0	0.00000000E+0	0.00000000E+0
5.34000000E+2	5.33000000E-6	7.77950008E+2	7.85996748E+2	-4.73834524E-10	0.00000000E+0	0.00000000E+0	0.00000000E+0	0.00000000E+0	0.00000000E+0
5.35000000E+2	5.34000000E-6	7.77950007E+2	7.85996751E+2	-4.76827910E-10	0.00000000E+0	0.00000000E+0	0.00000000E+0	0.00000000E+0	0.00000000E+0
5.36000000E+2	5.35000000E-6	7.77950008E+2	7.85996750E+2	-4.74776352E-10	0.00000000E+0	0.00000000E+0	0.00000000E+0	0.00000000E+0	0.00000000E+0
5.37000000E+2	5.36000000E-6	7.77950010E+2	7.85996752E+2	-4.82430222E-10	0.00000000E+0	0.00000000E+0	0.00000000E+0	0.00000000E+0	0.00000000E+0
5.38000000E+2	5.37000000E-6	7.77950009E+2	7.85996752E+2	-4.77471356E-10	0.00000000E+0	0.00000000E+0	0.00000000E+0	0.00000000E+0	0.00000000E+0
5.39000000E+2	5.38000000E-6	7.77950008E+2	7.85996752E+2	-4.78018966E-10	0.00000000E+0	0.00000000E+0	0.00000000E+0	0.00000000E+0	0.00000000E+0
5.40000000E+2	5.39000000E-6	7.77950008E+2	7.85996750E+2	-4.82500111E-10	0.00000000E+0	0.00000000E+0	0.00000000E+0	0.00000000E+0	0.00000000E+0
5.41000000E+2	5.40000000E-6	7.77950007E+2	7.85996749E+2	-4.82553656E-10	0.00000000E+0	0.00000000E+0	0.00000000E+0	0.00000000E+0	0.00000000E+0
5.42000000E+2	5.41000000E-6	7.77950007E+2	7.85996749E+2	-4.82976588E-10	0.00000000E+0	0.00000000E+0	0.00000000E+0	0.00000000E+0	0.00000000E+0
5.43000000E+2	5.42000000E-6	7.77950009E+2	7.85996747E+2	-4.73529362E-10	0.00000000E+0	0.00000000E+0	0.00000000E+0	0.00000000E+0	0.00000000E+0
5.44000000E+2	5.43000000E-6	7.77950009E+2	7.85996749E+2	-4.84928891E-10	0.00000000E+0	0.00000000E+0	0.00000000E+0	0.00000000E+0	0.00000000E+0
5.45000000E+2	5.44000000E-6	7.77950006E+2	7.85996748E+2	-4.67770892E-10	0.00000000E+0	0.00000000E+0	0.00000000E+0	0.00000000E+0	0.00000000E+0
5.46000000E+2	5.45000000E-6	7.77950009E+2	7.85996751E+2	-4.88957603E-10	0.00000000E+0	0.00000000E+0	0.00000000E+0	0.00000000E+0	0.00000000E+0
5.47000000E+2	5.46000000E-6	7.77950009E+2	7.85996750E+2	-4.84355423E-10	0.00000000E+0	0.00000000E+0	0.00000000E+0	0.00000000E+0	0.00000000E+0
5.48000000E+2	5.47000000E-6	7.77950010E+2	7.85996750E+2	-4.88105026E-10	0.00000000E+0	0.00000000E+0	0.00000000E+0	0.00000000E+0	0.00000000E+0
5.49000000E+2	5.48000000E-6	7.77950009E+2	7.85996751E+2	-4.93047642E-10	0.00000000E+0	0.00000000E+0	0.00000000E+0	0.00000000E+0	0.00000000E+0
5.50000000E+2	5.49000000E-6	7.77950007E+2	7.85996749E+2	-4.87547082E-10	0.00000000E+0	0.00000000E+0	0.00000000E+0	0.00000000E+0	0.00000000E+0
5.51000000E+2	5.50000000E-6	7.77950010E+2	7.85996751E+2	-4.87014263E-10	0.00000000E+0	0.00000000E+0	0.00000000E+0	0.00000000E+0	0.00000000E+0
5.52000000E+2	5.51000000E-6	7.77950008E+2	7.85996751E+2	-4.92278886E-10	0.00000000E+0	0.00000000E+0	0.00000000E+0	0.00000000E+0	0.00000000E+0
5.53000000E+2	5.52000000E-6	7.77950006E+2	7.85996747E+2	-4.80889127E-10	0.00000000E+0	0.00000000E+0	0.00000000E+0	0.00000000E+0	0.00000000E+0
5.54000000E+2	5.53000000E-6	7.77950008E+2	7.85996750E+2	-4.87785062E-10	0.00000000E+0	0.00000000E+0	0.00000000E+0	0.00000000E+0	0.00000000E+0
5.55000000E+2	5.54000000E-6	7.77950009E+2	7.85996750E+2	-4.90272305E-10	0.00000000E+0	0.00000000E+0	0.00000000E+0	0.00000000E+0	0.00000000E+0
5.56000000E+2	5.55000000E-6	7.77950009E+2	7.85996749E+2	-4.89054367E-10	0.00000000E+0	0.00000000E+0	0.00000000E+0	0.00000000E+0	0.00000000E+0
5.57000000E+2	5.56000000E-6	7.77950006E+2	7.85996750E+2	-4.77693369E-10	0.00000000E+0	0.00000000E+0	0.00000000E+0	0.00000000E+0	0.00000000E+0
5.58000000E+2	5.57000000E-6	7.77950008E+2	7.85996751E+2	-4.80296178E-10	0.00000000E+0	0.00000000E+0	0.00000000E+0	0.00000000E+0	0.00000000E+0
5.59000000E+2	5.58000000E-6	7.77950008E+2	7.85996750E+2	-4.69946998E-10	0.00000000E+0	0.00000000E+0	0.00000000E+0	0.00000000E+0	0.00000000E+0
5.60000000E+2	5.59000000E-6	7.77950008E+2	7.85996750E+2	-4.72554576E-10	0.00000000E+0	0.00000000E+0	0.00000000E+0	0.00000000E+0	0.00000000E+0
5.61000000E+2	5.60000000E-6	7.77950009E+2	7.85996751E+2	-4.71190936E-10	0.00000000E+0	0.00000000E+0	0.00000000E+0	0.00000000E+0	0.00000000E+0
5.62000000E+2	5.61000000E-6	7.77950006E+2	7.85996752E+2	-4.70051027E-10	0.00000000E+0	0.00000000E+0	0.00000000E+0	0.00000000E+0	0.00000000E+0
5.63000000E+2	5.62000000E-6	7.77950007E+2	7.85996751E+2	-4.75892972E-10	0.00000000E+0	0.00000000E+0	0.00000000E+0	0.00000000E+0	0.00000000E+0
5.64000000E+2	5.63000000E-6	7.77950008E+2	7.85996751E+2	-4.68389740E-10	0.00000000E+0	0.00000000E+0	0.00000000E+0	0.00000000E+0	0.00000000E+0
5.65000000E+2	5.64000000E-6	7.77950008E+2	7.85996751E+2	-4.70267651E-10	0.00000000E+0	0.00000000E+0	0.00000000E+0	0.00000000E+0	0.00000000E+0
5.66000000E+2	5.65000000E-6	7.77950008E+2	7.85996751E+2	-4.78980240E-10	0.00000000E+0	0.00000000E+0	0.00000000E+0	0.00000000E+0	0.00000000E+0
5.67000000E+2	5.66000000E-6	7.77950007E+2	7.85996751E+2	-4.72452888E-10	0.00000000E+0	0.00000000E+0	0.00000000E+0	0.00000000E+0	0.00000000E+0
5.68000000E+2	5.67000000E-6	7.77950007E+2	7.85996751E+2	-4.73472887E-10	0.00000000E+0	0.00000000E+0	0.00000000E+0	0.00000000E+0	0.00000000E+0
5.69000000E+2	5.68000000E-6	7.77950007E+2	7.85996751E+2	-4.73111583E-10	0.00000000E+0	0.00000000E+0	0.00000000E+0	0.00000000E+0	0.00000000E+0
5.70000000E+2	5.69000000E-6	7.77950008E+2	7.85996751E+2	-4.71700928E-10	0.00000000E+0	0.00000000E+0	0.00000000E+0	0.00000000E+0	0.00000000E+0
5.71000000E+2	5.70000000E-6	7.77950006E+2	7.85996750E+2	-4.75055937E-10	0.00000000E+0	0.00000000E+0	0.00000000E+0	0.00000000E+0	0.00000000E+0
5.72000000E+2	5.71000000E-6	7.77950008E+2	7.85996750E+2	-4.75370258E-10	0.00000000E+0	0.00000000E+0	0.00000000E+0	0.00000000E+0	0.00000000E+0
5.73000000E+2	5.72000000E-6	7.77950008E+2	7.85996750E+2	-4.69611269E-10	0.00000000E+0	0.00000000E+0	0.00000000E+0	0.00000000E+0	0.00000000E+0
5.74000000E+2	5.73000000E-6	7.77950009E+2	7.85996750E+2	-4.82447177E-10	0.00000000E+0	0.00000000E+0	0.00000000E+0	0.00000000E+0	0.00000000E+0
5.75000000E+2	5.74000000E-6	7.77950008E+2	7.85996750E+2	-4.79804959E-10	0.00000000E+0	0.00000000E+0	0.00000000E+0	0.00000000E+0	0.00000000E+0
5.76000000E+2	5.75000000E-6	7.77950007E+2	7.85996749E+2	-4.88996086E-10	0.00000000E+0	0.00000000E+0	0.00000000E+0	0.00000000E+0	0.00000000E+0
5.77000000E+2	5.76000000E-6	7.77950008E+2	7.85996750E+2	-4.78806932E-10	0.00000000E+0	0.00000000E+0	0.00000000E+0	0.00000000E+0	0.00000000E+0
5.78000000E+2	5.77000000E-6	7.77950006E+2	7.85996752E+2	-4.85175742E-10	0.00000000E+0	0.00000000E+0	0.00000000E+0	0.00000000E+0	0.00000000E+0
5.79000000E+2	5.78000000E-6	7.77950009E+2	7.85996751E+2	-4.85408317E-10	0.00000000E+0	0.00000000E+0	0.00000000E+0	0.00000000E+0	0.00000000E+0
5.80000000E+2	5.79000000E-6	7.77950007E+2	7.85996751E+2	-4.87158403E-10	0.00000000E+0	0.00000000E+0	0.00000000E+0	0.00000000E+0	0.00000000E+0
5.81000000E+2	5.80000000E-6	7.77950009E+2	7.85996750E+2	-4.89980002E-10	0.00000000E+0	0.00000000E+0	0.00000000E+0	0.00000000E+0	0.00000000E+0
5.82000000E+2	5.81000000E-6	7.77950010E+2	7.85996752E+2	-4.87808326E-10	0.00000000E+0	0.00000000E+0	0.00000000E+0	0.00000000E+0	0.00000000E+0
5.83000000E+2	5.82000000E-6	7.77950009E+2	7.85996749E+2	-4.85656674E-10	0.00000000E+0	0.00000000E+0	0.00000000E+0	0.00000000E+0	0.00000000E+0
5.84000000E+2	5.83000000E-6	7.77950011E+2	7.85996750E+2	-4.86608896E-10	0.00000000E+0	0.00000000E+0	0.00000000E+0	0.00000000E+0	0.00000000E+0
5.85000000E+2	5.84000000E-6	7.77950008E+2	7.85996751E+2	-4.87880671E-10	0.00000000E+0	0.00000000E+0	0.00000000E+0	0.00000000E+0	0.00000000E+0
5.86000000E+2	5.85000000E-6	7.77950007E+2	7.85996751E+2	-4.76086215E-10	0.00000000E+0	0.00000000E+0	0.00000000E+0	0.00000000E+0	0.00000000E+0
5.87000000E+2	5.86000000E-6	7.77950008E+2	7.85996750E+2	-4.81898169E-10	0.00000000E+0	0.00000000E+0	0.00000000E+0	0.00000000E+0	0.00000000E+0
5.88000000E+2	5.87000000E-6	7.77950008E+2	7.85996750E+2	-4.76193972E-10	0.00000000E+0	0.00000000E+0	0.00000000E+0	0.00000000E+0	0.00000000E+0
5.89000000E+2	5.88000000E-6	7.77950008E+2	7.85996749E+2	-4.78997678E-10	0.00000000E+0	0.00000000E+0	0.00000000E+0	0.00000000E+0	0.00000000E+0
5.90000000E+2	5.89000000E-6	7.77950010E+2	7.85996751E+2	-4.85633185E-10	0.00000000E+0	0.00000000E+0	0.00000000E+0	0.00000000E+0	0.00000000E+0
5.91000000E+2	5.90000000E-6	7.77950009E+2	7.85996750E+2	-4.72227848E-10	0.00000000E+0	0.00000000E+0	0.00000000E+0	0.00000000E+0	0.00000000E+0
5.92000000E+2	5.91000000E-6	7.77950008E+2	7.85996752E+2	-4.64239398E-10	0.00000000E+0	0.00000000E+0	0.00000000E+0	0.00000000E+0	0.00000000E+0
5.93000000E+2	5.92000000E-6	7.77950006E+2	7.85996750E+2	-4.75149500E-10	0.00000000E+0	0.00000000E+0	0.00000000E+0	0.00000000E+0	0.00000000E+0
5.94000000E+2	5.93000000E-6	7.77950008E+2	7.85996751E+2	-4.73671320E-10	0.00000000E+0	0.00000000E+0	0.00000000E+0	0.00000000E+0	0.00000000E+0
5.95000000E+2	5.94000000E-6	7.77950008E+2	7.85996750E+2	-4.72464894E-10	0.00000000E+0	0.00000000E+0	0.00000000E+0	0.00000000E+0	0.00000000E+0
5.96000000E+2	5.95000000E-6	7.77950009E+2	7.85996752E+2	-4.83088659E-10	0.00000000E+0	0.00000000E+0	0.00000000E+0	0.00000000E+0	0.00000000E+0
5.97000000E+2	5.96000000E-6	7.77950010E+2	7.85996752E+2	-4.74580245E-10	0.00000000E+0	0.00000000E+0	0.00000000E+0	0.00000000E+0	0.00000000E+0
5.98000000E+2	5.97000000E-6	7.77950009E+2	7.85996751E+2	-4.88222504E-10	0.00000000E+0	0.00000000E+0	0.00000000E+0	0.00000000E+0	0.00000000E+0
5.99000000E+2	5.98000000E-6	7.77950010E+2	7.85996751E+2	-4.94406520E-10	0.00000000E+0	0.00000000E+0	0.00000000E+0	0.00000000E+0	0.00000000E+0
6.00000000E+2	5.99000000E-6	7.77950009E+2	7.85996750E+2	-4.93411852E-10	0.00000000E+0	0.00000000E+0	0.00000000E+0	0.00000000E+0	0.00000000E+0
6.01000000E+2	6.00000000E-6	7.77950009E+2	7.85996748E+2	-4.85656879E-10	0.00000000E+0	0.00000000E+0	0.00000000E+0	0.00000000E+0	0.00000000E+0
6.02000000E+2	6.01000000E-6	7.77950009E+2	7.85996749E+2	-4.94975062E-10	0.00000000E+0	0.00000000E+0	0.00000000E+0	0.00000000E+0	0.00000000E+0
6.03000000E+2	6.02000000E-6	7.77950009E+2	7.85996749E+2	-4.98326545E-10	0.00000000E+0	0.00000000E+0	0.00000000E+0	0.00000000E+0	0.00000000E+0
6.04000000E+2	6.03000000E-6	7.77950008E+2	7.85996752E+2	-4.92370985E-10	0.00000000E+0	0.00000000E+0	0.00000000E+0	0.00000000E+0	0.00000000E+0
6.05000000E+2	6.04000000E-6	7.77950007E+2	7.85996751E+2	-4.90679959E-10	0.00000000E+0	0.00000000E+0	0.00000000E+0	0.00000000E+0	0.00000000E+0
6.06000000E+2	6.05000000E-6	7.77950006E+2	7.85996752E+2	-5.04347621E-10	0.00000000E+0	0.00000000E+0	0.00000000E+0	0.00000000E+0	0.00000000E+0
6.07000000E+2	6.06000000E-6	7.77950008E+2	7.85996751E+2	-5.04257279E-10	0.00000000E+0	0.00000000E+0	0.00000000E+0	0.00000000E+0	0.00000000E+0
6.08000000E+2	6.07000000E-6	7.77950008E+2	7.85996750E+2	-4.86569392E-10	0.00000000E+0	0.00000000E+0	0.00000000E+0	0.00000000E+0	0.00000000E+0
6.09000000E+2	6.08000000E-6	7.77950007E+2	7.85996750E+2	-4.99687843E-10	0.00000000E+0	0.00000000E+0	0.00000000E+0	0.00000000E+0	0.00000000E+0
6.10000000E+2	6.09000000E-6	7.77950009E+2	7.85996751E+2	-4.98197348E-10	0.00000000E+0	0.00000000E+0	0.00000000E+0	0.00000000E+0	0.00000000E+0
6.11000000E+2	6.10000000E-6	7.77950010E+2	7.85996752E+2	-5.01394681E-10	0.00000000E+0	0.00000000E+0	0.00000000E+0	0.00000000E+0	0.00000000E+0
6.12000000E+2	6.11000000E-6	7.77950010E+2	7.85996751E+2	-5.02663902E-10	0.00000000E+0	0.00000000E+0	0.00000000E+0	0.00000000E+0	0.00000000E+0
6.13000000E+2	6.12000000E-6	7.77950010E+2	7.85996750E+2	-4.91223552E-10	0.00000000E+0	0.00000000E+0	0.00000000E+0	0.00000000E+0	0.00000000E+0
6.14000000E+2	6.13000000E-6	7.77950010E+2	7.85996751E+2	-4.91755398E-10	0.00000000E+0	0.00000000E+0	0.00000000E+0	0.00000000E+0	0.00000000E+0
6.15000000E+2	6.14000000E-6	7.77950006E+2	7.85996751E+2	-4.95691939E-10	0.00000000E+0	0.00000000E+0	0.00000000E+0	0.00000000E+0	0.00000000E+0
6.16000000E+2	6.15000000E-6	7.77950007E+2	7.85996750E+2	-5.02761273E-10	0.00000000E+0	0.00000000E+0	0.00000000E+0	0.00000000E+0	0.00000000E+0
6.17000000E+2	6.16000000E-6	7.77950007E+2	7.85996747E+2	-4.94617264E-10	0.00000000E+0	0.00000000E+0	0.00000000E+0	0.00000000E+0	0.00000000E+0
6.18000000E+2	6.17000000E-6	7.77950007E+2	7.85996749E+2	-4.82446352E-10	0.00000000E+0	0.00000000E+0	0.00000000E+0	0.00000000E+0	0.00000000E+0
6.19000000E+2	6.18000000E-6	7.77950007E+2	7.85996749E+2	-4.85575983E-10	0.00000000E+0	0.00000000E+0	0.00000000E+0	0.00000000E+0	0.00000000E+0
6.20000000E+2	6.19000000E-6	7.77950006E+2	7.85996748E+2	-4.90429821E-10	0.00000000E+0	0.00000000E+0	0.00000000E+0	0.00000000E+0	0.00000000E+0
6.21000000E+2	6.20000000E-6	7.77950007E+2	7.85996749E+2	-4.94381256E-10	0.00000000E+0	0.00000000E+0	0.00000000E+0	0.00000000E+0	0.00000000E+0
6.22000000E+2	6.21000000E-6	7.77950006E+2	7.85996750E+2	-4.83970119E-10	0.00000000E+0	0.00000000E+0	0.00000000E+0	0.00000000E+0	0.00000000E+0
6.23000000E+2	6.22000000E-6	7.77950007E+2	7.85996751E+2	-4.81203560E-10	0.00000000E+0	0.00000000E+0	0.00000000E+0	0.00000000E+0	0.00000000E+0
6.24000000E+2	6.23000000E-6	7.77950007E+2	7.85996751E+2	-4.86501620E-10	0.00000000E+0	0.00000000E+0	0.00000000E+0	0.00000000E+0	0.00000000E+0
6.25000000E+2	6.24000000E-6	7.77950007E+2	7.85996750E+2	-4.89620294E-10	0.00000000E+0	0.00000000E+0	0.00000000E+0	0.00000000E+0	0.00000000E+0
6.26000000E+2	6.25000000E-6	7.77950007E+2	7.85996751E+2	-4.88880117E-10	0.00000000E+0	0.00000000E+0	0.00000000E+0	0.00000000E+0	0.00000000E+0
6.27000000E+2	6.26000000E-6	7.77950007E+2	7.85996749E+2	-4.84561007E-10	0.00000000E+0	0.00000000E+0	0.00000000E+0	0.00000000E+0	0.00000000E+0
6.28000000E+2	6.27000000E-6	7.77950007E+2	7.85996749E+2	-4.85643203E-10	0.00000000E+0	0.00000000E+0	0.00000000E+0	0.00000000E+0	0.00000000E+0
6.29000000E+2	6.28000000E-6	7.77950007E+2	7.85996749E+2	-4.82159599E-10	0.00000000E+0	0.00000000E+0	0.00000000E+0	0.00000000E+0	0.00000000E+0
6.30000000E+2	6.29000000E-6	7.77950009E+2	7.85996751E+2	-4.79133569E-10	0.00000000E+0	0.00000000E+0	0.00000000E+0	0.00000000E+0	0.00000000E+0
6.31000000E+2	6.30000000E-6	7.77950008E+2	7.85996751E+2	-4.86749660E-10	0.00000000E+0	0.00000000E+0	0.00000000E+0	0.00000000E+0	0.00000000E+0
6.32000000E+2	6.31000000E-6	7.77950008E+2	7.85996750E+2	-4.86698404E-10	0.00000000E+0	0.00000000E+0	0.00000000E+0	0.00000000E+0	0.00000000E+0
6.33000000E+2	6.32000000E-6	7.77950008E+2	7.85996747E+2	-4.87771868E-10	0.00000000E+0	0.00000000E+0	0.00000000E+0	0.00000000E+0	0.00000000E+0
6.34000000E+2	6.33000000E-6	7.77950007E+2	7.85996748E+2	-4.88421832E-10	0.00000000E+0	0.00000000E+0	0.00000000E+0	0.00000000E+0	0.00000000E+0
6.35000000E+2	6.34000000E-6	7.77950008E+2	7.85996748E+2	-4.87084207E-10	0.00000000E+0	0.00000000E+0	0.00000000E+0	0.00000000E+0	0.00000000E+0
6.36000000E+2	6.35000000E-6	7.77950008E+2	7.85996748E+2	-4.89983482E-10	0.00000000E+0	0.00000000E+0	0.00000000E+0	0.00000000E+0	0.00000000E+0
6.37000000E+2	6.36000000E-6	7.77950009E+2	7.85996749E+2	-4.92028066E-10	0.00000000E+0	0.00000000E+0	0.00000000E+0	0.00000000E+0	0.00000000E+0
6.38000000E+2	6.37000000E-6	7.77950010E+2	7.85996750E+2	-4.91649274E-10	0.00000000E+0	0.00000000E+0	0.00000000E+0	0.00000000E+0	0.00000000E+0
6.39000000E+2	6.38000000E-6	7.77950009E+2	7.85996750E+2	-5.09065670E-10	0.00000000E+0	0.00000000E+0	0.00000000E+0	0.00000000E+0	0.00000000E+0
6.40000000E+2	6.39000000E-6	7.77950007E+2	7.85996750E+2	-4.91361085E-10	0.00000000E+0	0.00000000E+0	0.00000000E+0	0.00000000E+0	0.00000000E+0
6.41000000E+2	6.40000000E-6	7.77950007E+2	7.85996749E+2	-4.85299323E-10	0.00000000E+0	0.00000000E+0	0.00000000E+0	0.00000000E+0	0.00000000E+0
6.42000000E+2	6.41000000E-6	7.77950006E+2	7.85996751E+2	-4.91705661E-10	0.00000000E+0	0.00000000E+0	0.00000000E+0	0.00000000E+0	0.00000000E+0
6.43000000E+2	6.42000000E-6	7.77950008E+2	7.85996750E+2	-4.87064352E-10	0.00000000E+0	0.00000000E+0	0.00000000E+0	0.00000000E+0	0.00000000E+0
6.44000000E+2	6.43000000E-6	7.77950006E+2	7.85996750E+2	-4.95437034E-10	0.00000000E+0	0.00000000E+0	0.00000000E+0	0.00000000E+0	0.00000000E+0
6.45000000E+2	6.44000000E-6	7.77950007E+2	7.85996749E+2	-4.84068229E-10	0.00000000E+0	0.00000000E+0	0.00000000E+0	0.00000000E+0	0.00000000E+0
6.46000000E+2	6.45000000E-6	7.77950008E+2	7.85996751E+2	-4.90424807E-10	0.00000000E+0	0.00000000E+0	0.00000000E+0	0.00000000E+0	0.00000000E+0
6.47000000E+2	6.46000000E-6	7.77950006E+2	7.85996751E+2	-4.89407291E-10	0.00000000E+0	0.00000000E+0	0.00000000E+0	0.00000000E+0	0.00000000E+0
6.48000000E+2	6.47000000E-6	7.77950008E+2	7.85996750E+2	-4.94358330E-10	0.00000000E+0	0.00000000E+0	0.00000000E+0	0.00000000E+0	0.00000000E+0
6.49000000E+2	6.48000000E-6	7.77950007E+2	7.85996750E+2	-4.96521576E-10	0.00000000E+0	0.00000000E+0	0.00000000E+0	0.00000000E+0	0.00000000E+0
6.50000000E+2	6.49000000E-6	7.77950006E+2	7.85996749E+2	-4.82176106E-10	0.00000000E+0	0.00000000E+0	0.00000000E+0	0.00000000E+0	0.00000000E+0
6.51000000E+2	6.50000000E-6	7.77950007E+2	7.85996751E+2	-4.89148929E-10	0.00000000E+0	0.00000000E+0	0.00000000E+0	0.00000000E+0	0.00000000E+0
6.52000000E+2	6.51000000E-6	7.77950006E+2	7.85996751E+2	-4.85622746E-10	0.00000000E+0	0.00000000E+0	0.00000000E+0	0.00000000E+0	0.00000000E+0
6.53000000E+2	6.52000000E-6	7.77950007E+2	7.85996751E+2	-4.81106189E-10	0.00000000E+0	0.00000000E+0	0.00000000E+0	0.00000000E+0	0.00000000E+0
6.54000000E+2	6.53000000E-6	7.77950006E+2	7.85996749E+2	-4.84269548E-10	0.00000000E+0	0.00000000E+0	0.00000000E+0	0.00000000E+0	0.00000000E+0
6.55000000E+2	6.54000000E-6	7.77950009E+2	7.85996748E+2	-4.88436516E-10	0.00000000E+0	0.00000000E+0	0.00000000E+0	0.00000000E+0	0.00000000E+0
6.56000000E+2	6.55000000E-6	7.77950009E+2	7.85996749E+2	-4.95922255E-10	0.00000000E+0	0.00000000E+0	0.00000000E+0	0.00000000E+0	0.00000000E+0
6.57000000E+2	6.56000000E-6	7.77950009E+2	7.85996749E+2	-4.87273167E-10	0.00000000E+0	0.00000000E+0	0.00000000E+0	0.00000000E+0	0.00000000E+0
6.58000000E+2	6.57000000E-6	7.77950009E+2	7.85996750E+2	-4.85795807E-10	0.00000000E+0	0.00000000E+0	0.00000000E+0	0.00000000E+0	0.00000000E+0
6.59000000E+2	6.58000000E-6	7.77950008E+2	7.85996750E+2	-4.89451378E-10	0.00000000E+0	0.00000000E+0	0.00000000E+0	0.00000000E+0	0.00000000E+0
